TEMPORAL
CYCLIC              720.0
crank               pressure            
-360.0              99312.62            
-359.5              99304.8026161828    
-359.0              99298.5798176079    
-358.5              99294.7331721792    
-358.0              99294.2479576254    
-357.5              99298.2749579467    
-357.0              99307.079369193     
-356.5              99321.4862846019    
-356.0              99339.3222765262    
-355.5              99359.9411429355    
-355.0              99382.2987497874    
-354.5              99405.5659905126    
-354.0              99429.1667326227    
-353.5              99452.7670273243    
-353.0              99476.1898252272    
-352.5              99499.3866106013    
-352.0              99522.3753269962    
-351.5              99545.1876990457    
-351.0              99567.8245838688    
-350.5              99589.9728943987    
-350.0              99611.2757982463    
-349.5              99631.4753792019    
-349.0              99650.6113369012    
-348.5              99668.9149369517    
-348.0              99686.955692802     
-347.5              99705.4941099526    
-347.0              99725.3022367659    
-346.5              99747.0171862791    
-346.0              99770.6738877731    
-345.5              99796.3156359404    
-345.0              99823.7236328494    
-344.5              99852.5410231908    
-344.0              99882.2197126299    
-343.5              99912.0731259742    
-343.0              99941.3376049077    
-342.5              99969.309049955     
-342.0              99995.5105896929    
-341.5              100019.859399317    
-341.0              100042.371242644    
-340.5              100062.411851733    
-340.0              100078.283694564    
-339.5              100087.515675578    
-339.0              100088.309458077    
-338.5              100076.295523029    
-338.0              100052.87166287     
-337.5              100019.882289003    
-337.0              99983.3957575915    
-336.5              99951.1542582598    
-336.0              99928.955199025     
-335.5              99918.7924299592    
-335.0              99921.7861376632    
-334.5              99937.1349250201    
-334.0              99961.8552583339    
-333.5              99992.5699610525    
-333.0              100027.227986135    
-332.5              100065.306073997    
-332.0              100106.932347277    
-331.5              100152.125918734    
-331.0              100200.480665428    
-330.5              100250.985941308    
-330.0              100302.353988526    
-329.5              100352.560106997    
-329.0              100399.262888942    
-328.5              100439.924336903    
-328.0              100473.11127697     
-327.5              100498.098540227    
-327.0              100518.691352921    
-326.5              100535.620060847    
-326.0              100550.930870374    
-325.5              100566.992458213    
-325.0              100584.787162281    
-324.5              100601.632536573    
-324.0              100614.971879894    
-323.5              100622.716847918    
-323.0              100624.419624348    
-322.5              100617.49892431     
-322.0              100602.499604718    
-321.5              100578.418341985    
-321.0              100545.297427537    
-320.5              100503.947102686    
-320.0              100450.503191802    
-319.5              100387.363611517    
-319.0              100315.750422654    
-318.5              100237.662352567    
-318.0              100155.944390519    
-317.5              100074.445142965    
-317.0              100001.552334936    
-316.5              99944.1624867911    
-316.0              99907.2699517792    
-315.5              99894.3267453887    
-315.0              99907.2257682435    
-314.5              99947.0379524669    
-314.0              100013.973272081    
-313.5              100106.157352664    
-313.0              100221.057396711    
-312.5              100357.178069715    
-312.0              100514.708826413    
-311.5              100690.899542236    
-311.0              100882.538365847    
-310.5              101086.264942001    
-310.0              101298.647588872    
-309.5              101516.284828398    
-309.0              101735.263176028    
-308.5              101951.132506889    
-308.0              102159.617267179    
-307.5              102357.695772117    
-307.0              102543.908612515    
-306.5              102717.902156279    
-306.0              102880.432486091    
-305.5              103033.571208902    
-305.0              103180.260410122    
-304.5              103323.211737029    
-304.0              103465.565881924    
-303.5              103608.382320664    
-303.0              103752.41081176     
-302.5              103897.139970247    
-302.0              104041.992831662    
-301.5              104187.411471471    
-301.0              104334.999899981    
-300.5              104488.182905323    
-300.0              104648.204064085    
-299.5              104821.115896539    
-299.0              105008.250303912    
-298.5              105207.64246025     
-298.0              105416.356631021    
-297.5              105628.362021447    
-297.0              105843.872451944    
-296.5              106063.61280209     
-296.0              106295.014013176    
-295.5              106536.236154163    
-295.0              106788.737951704    
-294.5              107046.11909893     
-294.0              107306.14891978     
-293.5              107564.942898598    
-293.0              107816.474367629    
-292.5              108056.904955423    
-292.0              108282.139566474    
-291.5              108482.863827748    
-291.0              108665.214831285    
-290.5              108817.808168999    
-290.0              108939.043295074    
-289.5              109025.659513708    
-289.0              109063.813105508    
-288.5              109067.045127466    
-288.0              109042.534829978    
-287.5              108987.604800363    
-287.0              108911.797855061    
-286.5              108820.958264136    
-286.0              108720.242423151    
-285.5              108624.16076455     
-285.0              108540.538015894    
-284.5              108482.241270796    
-284.0              108449.835070059    
-283.5              108440.528662524    
-283.0              108456.063297636    
-282.5              108494.83319464     
-282.0              108544.627349205    
-281.5              108595.9210234      
-281.0              108636.322279273    
-280.5              108661.598425148    
-280.0              108665.151367518    
-279.5              108637.524936388    
-279.0              108580.615715368    
-278.5              108485.696727896    
-278.0              108334.380072804    
-277.5              108140.028666983    
-277.0              107904.372369927    
-276.5              107624.578950707    
-276.0              107318.058924233    
-275.5              106986.586677582    
-275.0              106651.652977816    
-274.5              106329.438940796    
-274.0              106028.960332863    
-273.5              105753.117118973    
-273.0              105509.862595377    
-272.5              105286.449287469    
-272.0              105088.096515805    
-271.5              104904.807572697    
-271.0              104741.550563744    
-270.5              104589.794326077    
-270.0              104449.293297034    
-269.5              104310.614165188    
-269.0              104166.818474747    
-268.5              104013.566089257    
-268.0              103840.393590646    
-267.5              103649.37684912     
-267.0              103432.932605358    
-266.5              103199.833951703    
-266.0              102949.630275844    
-265.5              102692.785752021    
-265.0              102436.163696755    
-264.5              102184.952289886    
-264.0              101947.221136699    
-263.5              101724.461866718    
-263.0              101512.970663796    
-262.5              101317.759745604    
-262.0              101138.156143733    
-261.5              100970.747990155    
-261.0              100822.493736631    
-260.5              100689.304383686    
-260.0              100568.645456379    
-259.5              100453.595255088    
-259.0              100341.932101998    
-258.5              100227.680400587    
-258.0              100103.776232113    
-257.5              99970.9255359234    
-257.0              99824.0323645313    
-256.5              99667.6681258587    
-256.0              99508.014540817     
-255.5              99353.6886031648    
-255.0              99206.1972961433    
-254.5              99070.6264889733    
-254.0              98946.9767628858    
-253.5              98835.9401534576    
-253.0              98738.312561673     
-252.5              98656.751123902     
-252.0              98593.4424963363    
-251.5              98549.903439795     
-251.0              98523.6456042762    
-250.5              98519.8277341644    
-250.0              98536.653236638     
-249.5              98570.0683055517    
-249.0              98613.7533597497    
-248.5              98661.144202562     
-248.0              98707.3400740468    
-247.5              98749.2908308433    
-247.0              98786.0882401626    
-246.5              98818.0785759204    
-246.0              98846.0829537579    
-245.5              98871.0043221072    
-245.0              98894.3097225414    
-244.5              98917.4369867562    
-244.0              98940.547748178     
-243.5              98963.5676515845    
-243.0              98987.3389525023    
-242.5              99013.8042820302    
-242.0              99045.016290163     
-241.5              99082.5145393764    
-241.0              99127.7049354258    
-240.5              99182.1558615527    
-240.0              99246.0546433709    
-239.5              99321.8254078779    
-239.0              99406.8334304325    
-238.5              99500.1531135599    
-238.0              99598.6363282313    
-237.5              99698.7659043639    
-237.0              99797.7956221475    
-236.5              99894.622591933     
-236.0              99987.836211469     
-235.5              100077.314192288    
-235.0              100162.070070694    
-234.5              100241.486428198    
-234.0              100316.662450381    
-233.5              100389.81603882     
-233.0              100461.871424744    
-232.5              100531.605912468    
-232.0              100597.438471587    
-231.5              100661.275104386    
-231.0              100728.400470967    
-230.5              100802.788559164    
-230.0              100884.435390457    
-229.5              100971.854441926    
-229.0              101064.254833028    
-228.5              101160.746496791    
-228.0              101258.730857984    
-227.5              101357.154822913    
-227.0              101453.892561512    
-226.5              101545.590103859    
-226.0              101629.183364441    
-225.5              101703.717177912    
-225.0              101767.888387847    
-224.5              101815.937970285    
-224.0              101838.910929583    
-223.5              101832.882564706    
-223.0              101800.045877479    
-222.5              101744.257212239    
-222.0              101668.232293612    
-221.5              101572.704436809    
-221.0              101458.062678417    
-220.5              101327.26635896     
-220.0              101187.62296801     
-219.5              101046.573473713    
-219.0              100908.818939184    
-218.5              100776.248710372    
-218.0              100650.615638421    
-217.5              100535.831150688    
-217.0              100436.512060748    
-216.5              100354.566916418    
-216.0              100288.047022858    
-215.5              100231.472844416    
-215.0              100181.137620008    
-214.5              100135.426330609    
-214.0              100094.388396436    
-213.5              100058.239713948    
-213.0              100026.261521474    
-212.5              99996.8439951079    
-212.0              99969.1244287914    
-211.5              99944.4333858559    
-211.0              99925.2889416791    
-210.5              99913.1249785612    
-210.0              99908.0895547401    
-209.5              99910.8715495414    
-209.0              99923.1850599139    
-208.5              99946.4135933806    
-208.0              99980.6606148112    
-207.5              100024.993883414    
-207.0              100078.214509475    
-206.5              100139.121746007    
-206.0              100207.648814577    
-205.5              100283.596759594    
-205.0              100365.174286492    
-204.5              100449.672549085    
-204.0              100534.170201222    
-203.5              100616.602221425    
-203.0              100694.636526651    
-202.5              100766.345100067    
-202.0              100829.472955305    
-201.5              100882.360971118    
-201.0              100924.583581703    
-200.5              100956.211337713    
-200.0              100976.618587401    
-199.5              100985.686834518    
-199.0              100983.585423906    
-198.5              100971.396585798    
-198.0              100950.646864592    
-197.5              100923.861222482    
-197.0              100893.880278584    
-196.5              100862.786971563    
-196.0              100831.793268842    
-195.5              100802.552822338    
-195.0              100777.741043349    
-194.5              100759.519150188    
-194.0              100747.768833676    
-193.5              100740.625700524    
-193.0              100736.370579628    
-192.5              100733.433731057    
-192.0              100730.465409851    
-191.5              100726.453523654    
-191.0              100720.415801936    
-190.5              100710.915153871    
-190.0              100696.960102503    
-189.5              100676.627726319    
-189.0              100652.137134868    
-188.5              100626.003232906    
-188.0              100600.217177137    
-187.5              100575.854406558    
-187.0              100554.098159027    
-186.5              100536.63594818     
-186.0              100525.529362941    
-185.5              100522.745736728    
-185.0              100528.335820656    
-184.5              100541.938350146    
-184.0              100562.712228945    
-183.5              100589.650598522    
-183.0              100621.545790228    
-182.5              100656.81661307     
-182.0              100693.776498515    
-181.5              100730.885975375    
-181.0              100766.847987314    
-180.5              100800.460846077    
-180.0              100830.638629012    
-179.5              100856.490939459    
-179.0              100877.280859562    
-178.5              100892.209890109    
-178.0              100900.136280269    
-177.5              100900.448834804    
-177.0              100893.179375762    
-176.5              100878.261102402    
-176.0              100856.242545059    
-175.5              100828.929595101    
-175.0              100799.088696931    
-174.5              100769.267378422    
-174.0              100740.881438262    
-173.5              100714.584066153    
-173.0              100691.126844452    
-172.5              100671.427449946    
-172.0              100655.891963852    
-171.5              100644.000111544    
-171.0              100634.265382113    
-170.5              100625.217986068    
-170.0              100615.91238296     
-169.5              100606.068537755    
-169.0              100595.64052797     
-168.5              100583.995971108    
-168.0              100569.71736239     
-167.5              100551.584741768    
-167.0              100529.38037764     
-166.5              100504.029988381    
-166.0              100477.165331746    
-165.5              100450.517861195    
-165.0              100425.597838776    
-164.5              100403.708224122    
-164.0              100386.065314553    
-163.5              100373.791879436    
-163.0              100367.475017252    
-162.5              100367.101762426    
-162.0              100371.897242311    
-161.5              100380.600228579    
-161.0              100392.303612232    
-160.5              100406.401757136    
-160.0              100422.196749487    
-159.5              100438.821501293    
-159.0              100455.369000316    
-158.5              100471.009229154    
-158.0              100484.938596211    
-157.5              100496.239937891    
-157.0              100503.951238474    
-156.5              100506.991053192    
-156.0              100504.55519041     
-155.5              100496.806944345    
-155.0              100483.956727624    
-154.5              100466.531963917    
-154.0              100445.327908094    
-153.5              100421.820232159    
-153.0              100398.031725678    
-152.5              100375.672838507    
-152.0              100355.299783463    
-151.5              100336.622894833    
-151.0              100319.381581999    
-150.5              100303.782583767    
-150.0              100290.079806766    
-149.5              100278.061346708    
-149.0              100266.96776382     
-148.5              100255.846802418    
-148.0              100243.928640574    
-147.5              100230.788089451    
-147.0              100216.021640552    
-146.5              100198.824329355    
-146.0              100178.047812866    
-145.5              100152.828140052    
-145.0              100123.354056488    
-144.5              100090.968548202    
-144.0              100057.783980361    
-143.5              100025.694622388    
-143.0              99997.2212329925    
-142.5              99973.1896657953    
-142.0              99954.4452498142    
-141.5              99940.8716152858    
-141.0              99931.6691354213    
-140.5              99925.958639186     
-140.0              99923.2456447708    
-139.5              99923.1986375084    
-139.0              99925.391393362     
-138.5              99929.6268367318    
-138.0              99935.5936631796    
-137.5              99942.5406422792    
-137.0              99949.4819899026    
-136.5              99955.450479058     
-136.0              99959.6014488353    
-135.5              99961.3999164069    
-135.0              99959.9458325009    
-134.5              99955.2930590962    
-134.0              99947.9443378019    
-133.5              99938.8088289953    
-133.0              99928.6238770993    
-132.5              99917.5407504385    
-132.0              99905.3471529981    
-131.5              99892.1705088863    
-131.0              99878.7629501129    
-130.5              99866.0905363608    
-130.0              99854.7230950057    
-129.5              99844.8901348621    
-129.0              99836.7126034139    
-128.5              99830.2160696874    
-128.0              99825.3321621611    
-127.5              99821.2186968656    
-127.0              99817.6081064015    
-126.5              99814.1245408094    
-126.0              99810.2611379034    
-125.5              99805.3421083426    
-125.0              99798.6983693163    
-124.5              99790.1105453705    
-124.0              99778.5497424356    
-123.5              99764.199714368     
-123.0              99747.2846748026    
-122.5              99729.0324872616    
-122.0              99711.2996897566    
-121.5              99695.4976177074    
-121.0              99681.8119446878    
-120.5              99670.1205804482    
-120.0              99659.4684425557    
-119.5              99649.4183010579    
-119.0              99639.9158631579    
-118.5              99631.4741021649    
-118.0              99625.0378656082    
-117.5              99621.004660053     
-117.0              99619.7315195018    
-116.5              99621.3422666647    
-116.0              99625.4755036329    
-115.5              99631.6118349438    
-115.0              99639.0610968348    
-114.5              99646.8075134172    
-114.0              99654.6212316518    
-113.5              99662.687294301     
-113.0              99671.7229152215    
-112.5              99682.5262483176    
-112.0              99696.2497370486    
-111.5              99712.0929321038    
-111.0              99729.8558211643    
-110.5              99748.8491688061    
-110.0              99768.3568361315    
-109.5              99787.670514757     
-109.0              99806.5366330935    
-108.5              99824.8563868351    
-108.0              99842.698201147     
-107.5              99860.1603429782    
-107.0              99877.3886481815    
-106.5              99894.5563486449    
-106.0              99911.6470390517    
-105.5              99928.2828371884    
-105.0              99943.7555150019    
-104.5              99957.3532513688    
-104.0              99968.8243868554    
-103.5              99978.1560793717    
-103.0              99985.998587443     
-102.5              99993.0543993286    
-102.0              99999.9361099454    
-101.5              100007.20704728     
-101.0              100015.541941795    
-100.5              100025.527318973    
-100.0              100037.490255362    
-99.5               100051.994373376    
-99.0               100069.436845376    
-98.5               100092.026708428    
-98.0               100119.675300218    
-97.5               100152.204767528    
-97.0               100188.189013187    
-96.5               100228.247845112    
-96.0               100272.104387788    
-95.5               100322.601448123    
-95.0               100379.336396476    
-94.5               100442.90137526     
-94.0               100512.252328732    
-93.5               100584.511234642    
-93.0               100656.535298783    
-92.5               100726.092065246    
-92.0               100795.259833393    
-91.5               100868.084822006    
-91.0               100947.790990451    
-90.5               101034.237866475    
-90.0               101126.344618243    
-89.5               101223.241594464    
-89.0               101322.610080676    
-88.5               101420.549432345    
-88.0               101508.865678766    
-87.5               101580.646165654    
-87.0               101634.018907696    
-86.5               101675.273986723    
-86.0               101712.696364581    
-85.5               101749.03899213     
-85.0               101783.550106403    
-84.5               101813.216029669    
-84.0               101834.042882843    
-83.5               101845.565312759    
-83.0               101846.925595105    
-82.5               101838.147561858    
-82.0               101823.78527292     
-81.5               101808.590863475    
-81.0               101799.899147741    
-80.5               101804.550004802    
-80.0               101824.255786052    
-79.5               101860.947532688    
-79.0               101918.091836079    
-78.5               101992.890008864    
-78.0               102089.868704459    
-77.5               102210.338957533    
-77.0               102366.151456083    
-76.5               102554.037584603    
-76.0               102779.560958886    
-75.5               103042.959148928    
-75.0               103338.639020038    
-74.5               103674.668508134    
-74.0               104037.120301923    
-73.5               104422.457518991    
-73.0               104825.26822397     
-72.5               105242.89011943     
-72.0               105673.604900565    
-71.5               106114.853127789    
-71.0               106564.617527459    
-70.5               107022.930670386    
-70.0               107485.768199465    
-69.5               107956.287991457    
-69.0               108429.322066842    
-68.5               108906.810440857    
-68.0               109383.434888277    
-67.5               109861.135082249    
-67.0               110338.957576076    
-66.5               110818.603259026    
-66.0               111299.044833805    
-65.5               111786.733065236    
-65.0               112305.523796098    
-64.5               112886.65484172     
-64.0               113516.39303411     
-63.5               114196.793637136    
-63.0               114927.395254403    
-62.5               115686.384155382    
-62.0               116456.137123778    
-61.5               117226.908937452    
-61.0               117989.721049199    
-60.5               118739.101519582    
-60.0               119469.086359854    
-59.5               120173.799810061    
-59.0               120846.302593513    
-58.5               121480.737113322    
-58.0               122073.168678441    
-57.5               122623.53019294     
-57.0               123135.065779983    
-56.5               123610.086330223    
-56.0               124062.058340735    
-55.5               124451.492013815    
-55.0               124771.27821202     
-54.5               125038.246406456    
-54.0               125270.596837123    
-53.5               125474.455956657    
-53.0               125645.944627543    
-52.5               125787.404785348    
-52.0               125905.111567797    
-51.5               125983.654881517    
-51.0               126025.160016523    
-50.5               126039.492279982    
-50.0               126015.190024337    
-49.5               125967.498404012    
-49.0               125888.960006161    
-48.5               125785.342116066    
-48.0               125664.414471585    
-47.5               125506.823105812    
-47.0               125302.31666675     
-46.5               125007.862411135    
-46.0               124646.467349034    
-45.5               124248.873694405    
-45.0               123813.462634804    
-44.5               123361.283311612    
-44.0               122892.578320898    
-43.5               122416.783735642    
-43.0               121934.151305051    
-42.5               121446.00363995     
-42.0               120954.338286857    
-41.5               120457.377774628    
-41.0               119956.869378085    
-40.5               119450.563228973    
-40.0               118939.338681788    
-39.5               118418.63053486     
-39.0               117889.639583933    
-38.5               117342.712967566    
-38.0               116769.745799191    
-37.5               116160.344948093    
-37.0               115532.028155425    
-36.5               114887.094663203    
-36.0               114236.345191205    
-35.5               113586.181412128    
-35.0               112940.714847702    
-34.5               112307.998343081    
-34.0               111691.336969322    
-33.5               111088.557275239    
-33.0               110509.00399278     
-32.5               109945.014683103    
-32.0               109402.352259393    
-31.5               108877.232298165    
-31.0               108363.162395592    
-30.5               107861.411844896    
-30.0               107367.501098983    
-29.5               106876.942991197    
-29.0               106387.79898292     
-28.5               105888.288263435    
-28.0               105377.858041993    
-27.5               104854.190061194    
-27.0               104320.661341115    
-26.5               103784.509958224    
-26.0               103250.005212061    
-25.5               102725.656341456    
-25.0               102211.624569415    
-24.5               101714.560508887    
-24.0               101237.945719799    
-23.5               100784.932607179    
-23.0               100351.151028407    
-22.5               99942.2644487468    
-22.0               99558.5287040259    
-21.5               99194.6960269206    
-21.0               98850.0225518436    
-20.5               98525.7390405103    
-20.0               98217.2868154574    
-19.5               97922.4989621767    
-19.0               97636.2977362834    
-18.5               97362.6785446302    
-18.0               97098.6047344563    
-17.5               96842.9087139835    
-17.0               96595.3348705658    
-16.5               96357.9698482336    
-16.0               96128.1685786802    
-15.5               95914.6505004966    
-15.0               95718.0034409919    
-14.5               95539.2166707583    
-14.0               95376.9291923985    
-13.5               95228.4875226358    
-13.0               95091.5835360499    
-12.5               94965.1404786063    
-12.0               94849.4452850051    
-11.5               94745.2936142736    
-11.0               94653.3665143695    
-10.5               94574.2923287531    
-10.0               94508.6381456507    
-9.5                94456.4387032708    
-9.0                94417.0506588868    
-8.5                94389.879687632     
-8.0                94375.0742422483    
-7.5                94373.0144842692    
-7.0                94383.1229922149    
-6.5                94403.6780615491    
-6.0                94433.2786548756    
-5.5                94472.2009637332    
-5.0                94522.0529413359    
-4.5                94585.4539432886    
-4.0                94663.4282750848    
-3.5                94755.2203922018    
-3.0                94859.1044097017    
-2.5                94974.2398237801    
-2.0                95101.4934633689    
-1.5                95242.2783441388    
-1.0                95394.1843299438    
-0.5                95558.6776263881    
0.0                 95737.5162217593    
0.5                 95933.9695139155    
1.0                 96149.400658779     
1.5                 96380.5063931876    
2.0                 96624.3439341693    
2.5                 96876.2041476002    
3.0                 97133.4257839202    
3.5                 97391.2981377564    
4.0                 97650.4351384662    
4.5                 97917.1944875746    
5.0                 98196.5127761211    
5.5                 98501.7176744408    
6.0                 98833.6324736379    
6.5                 99188.1285418467    
7.0                 99553.5079403556    
7.5                 99922.3617545738    
8.0                 100292.874781769    
8.5                 100663.859007743    
9.0                 101030.219776312    
9.5                 101385.941079138    
10.0                101730.076749522    
10.5                102065.62930205     
11.0                102394.692055077    
11.5                102716.69143502     
12.0                103029.772626112    
12.5                103334.324939772    
13.0                103631.12136201     
13.5                103916.619595797    
14.0                104189.887991118    
14.5                104444.247426832    
15.0                104682.05282123     
15.5                104910.075434666    
16.0                105128.264921285    
16.5                105325.991435959    
17.0                105493.35893648     
17.5                105627.025003065    
18.0                105726.808248276    
18.5                105785.666545538    
19.0                105819.216126515    
19.5                105833.868114606    
20.0                105839.989827719    
20.5                105844.470851751    
21.0                105844.657377059    
21.5                105826.527024755    
22.0                105778.630393756    
22.5                105688.736268753    
23.0                105575.75958254     
23.5                105448.320964879    
24.0                105310.635040836    
24.5                105165.997560127    
25.0                105018.176462563    
25.5                104869.460568033    
26.0                104721.022925595    
26.5                104572.362925019    
27.0                104419.446981049    
27.5                104256.140811913    
28.0                104079.157648       
28.5                103894.249554293    
29.0                103711.0124982      
29.5                103518.961519666    
30.0                103327.716905123    
30.5                103146.96681869     
31.0                102981.28887692     
31.5                102829.687003787    
32.0                102688.211725415    
32.5                102552.439525685    
33.0                102419.593034146    
33.5                102290.145782661    
34.0                102167.059108237    
34.5                102053.611728894    
35.0                101952.448202203    
35.5                101865.000133845    
36.0                101795.541709638    
36.5                101738.253076664    
37.0                101688.626017982    
37.5                101637.414066307    
38.0                101577.684378169    
38.5                101508.443367508    
39.0                101434.024108261    
39.5                101361.155914994    
40.0                101295.223652731    
40.5                101238.033731449    
41.0                101187.554200502    
41.5                101142.000577322    
42.0                101097.987439465    
42.5                101054.601795814    
43.0                101012.444583594    
43.5                100973.073419391    
44.0                100938.816231636    
44.5                100912.751445231    
45.0                100897.861559697    
45.5                100895.596152772    
46.0                100904.882195972    
46.5                100922.583150319    
47.0                100944.483528616    
47.5                100967.08482648     
48.0                100989.601418804    
48.5                101013.785427551    
49.0                101042.485153825    
49.5                101077.89470166     
50.0                101121.342689859    
50.5                101169.0901966      
51.0                101219.282187669    
51.5                101269.217041667    
52.0                101317.051960497    
52.5                101362.039070395    
53.0                101404.493822894    
53.5                101444.702420123    
54.0                101484.015924955    
54.5                101523.221587583    
55.0                101563.117878905    
55.5                101603.98491845     
56.0                101645.102296302    
56.5                101684.737909918    
57.0                101721.652765789    
57.5                101753.867595603    
58.0                101782.645423997    
58.5                101810.061840897    
59.0                101837.67192252     
59.5                101865.580341778    
60.0                101892.703234158    
60.5                101917.574242799    
61.0                101939.343396927    
61.5                101957.826016613    
62.0                101973.210015692    
62.5                101985.637449836    
63.0                101995.019019905    
63.5                102001.259047601    
64.0                102004.48844561     
64.5                102005.00968473     
65.0                102002.997944721    
65.5                101997.546978798    
66.0                101988.621251338    
66.5                101975.034772789    
67.0                101956.620113355    
67.5                101933.928515928    
68.0                101907.868348992    
68.5                101879.347905481    
69.0                101849.007287868    
69.5                101817.260758486    
70.0                101783.811782955    
70.5                101748.848872668    
71.0                101712.34318977     
71.5                101674.481689778    
72.0                101635.433744628    
72.5                101595.16300086     
73.0                101553.277279693    
73.5                101508.994987583    
74.0                101462.042327014    
74.5                101411.998191833    
75.0                101359.994028963    
75.5                101306.344322505    
76.0                101250.640919126    
76.5                101192.285905657    
77.0                101131.221296195    
77.5                101068.057873652    
78.0                101003.634471576    
78.5                100938.47701115     
79.0                100872.649851736    
79.5                100806.088866552    
80.0                100739.307740324    
80.5                100673.102302682    
81.0                100608.362488161    
81.5                100545.633341326    
82.0                100484.999938057    
82.5                100426.23149951     
83.0                100369.1611114      
83.5                100313.867648963    
84.0                100260.456944811    
84.5                100208.192915493    
85.0                100155.647448399    
85.5                100102.394948046    
86.0                100049.001032312    
86.5                99996.5563573512    
87.0                99946.162720243     
87.5                99898.2790624625    
88.0                99853.8285187938    
88.5                99811.6546802014    
89.0                99770.5239798589    
89.5                99730.4177786436    
90.0                99691.8220640598    
90.5                99655.3636722949    
91.0                99621.6747975622    
91.5                99590.8607703313    
92.0                99562.4932526076    
92.5                99535.9967784438    
93.0                99510.8251032671    
93.5                99485.5161250425    
94.0                99458.9018145669    
94.5                99431.2709013888    
95.0                99403.7072779221    
95.5                99377.5645084522    
96.0                99353.7516626573    
96.5                99333.3142650467    
97.0                99316.6276946592    
97.5                99303.3140599776    
98.0                99292.4864437651    
98.5                99283.2443528142    
99.0                99275.0487544406    
99.5                99267.8617736509    
100.0               99261.9706339407    
100.5               99257.5732684608    
101.0               99254.2575304202    
101.5               99249.8753680173    
102.0               99240.9687058259    
102.5               99226.2466389771    
103.0               99206.728943299     
103.5               99184.5698126823    
104.0               99161.9353342923    
104.5               99140.6125137857    
105.0               99121.2179182899    
105.5               99103.7693766483    
106.0               99088.0894180402    
106.5               99073.9978557443    
107.0               99061.3895686831    
107.5               99050.2876914809    
108.0               99040.8981695535    
108.5               99033.241005754     
109.0               99026.5908207771    
109.5               99017.5314355328    
110.0               99002.7052902056    
110.5               98981.457532165     
111.0               98953.6981373551    
111.5               98920.4907475278    
112.0               98883.0165869602    
112.5               98843.0388088728    
113.0               98802.2833500529    
113.5               98761.7173022462    
114.0               98721.7335092172    
114.5               98682.2796847072    
115.0               98642.9687453779    
115.5               98604.4359658115    
116.0               98567.298474922     
116.5               98532.5502438288    
117.0               98500.6067344371    
117.5               98471.2294635545    
118.0               98444.8490197338    
118.5               98423.5200861228    
119.0               98409.4622865745    
119.5               98402.0506575828    
120.0               98401.0773669684    
120.5               98404.3290655792    
121.0               98412.3907856908    
121.5               98423.9187560806    
122.0               98439.0379901611    
122.5               98457.4591695774    
123.0               98478.3648994221    
123.5               98502.1315556368    
124.0               98527.6271187744    
124.5               98554.5629324368    
125.0               98582.634440461     
125.5               98611.8872375564    
126.0               98642.9702794392    
126.5               98677.2590342857    
127.0               98715.1720420603    
127.5               98757.6514690643    
128.0               98804.6144227509    
128.5               98856.1053186667    
129.0               98911.7696836391    
129.5               98970.8145697143    
130.0               99032.6207592526    
130.5               99096.5761628633    
131.0               99161.6765713743    
131.5               99227.1716345943    
132.0               99292.6273254466    
132.5               99358.0195852767    
133.0               99423.0004598753    
133.5               99487.1002044405    
134.0               99549.7232557954    
134.5               99609.9349265875    
135.0               99666.7679725436    
135.5               99719.1503829383    
136.0               99765.8371548361    
136.5               99805.8137267949    
137.0               99838.3521322889    
137.5               99859.2249512049    
138.0               99864.949314803     
138.5               99862.5082061069    
139.0               99860.9496361057    
139.5               99864.2776789354    
140.0               99872.8862294689    
140.5               99885.4924105823    
141.0               99900.9325742717    
141.5               99918.9364936757    
142.0               99940.1829907283    
142.5               99964.9905081515    
143.0               99993.3971623242    
143.5               100025.231252348    
144.0               100060.272981818    
144.5               100097.784275325    
145.0               100136.605975066    
145.5               100175.17702727     
146.0               100212.348398929    
146.5               100247.687708321    
147.0               100281.850922585    
147.5               100316.199352113    
148.0               100352.846484478    
148.5               100393.628118296    
149.0               100439.391292153    
149.5               100490.694433657    
150.0               100545.822659315    
150.5               100604.605028079    
151.0               100666.148842294    
151.5               100729.428942427    
152.0               100793.062867972    
152.5               100855.181552322    
153.0               100914.469140637    
153.5               100968.408809188    
154.0               101016.952216762    
154.5               101058.254980189    
155.0               101089.674060649    
155.5               101107.808359716    
156.0               101110.949141649    
156.5               101100.005700753    
157.0               101070.262082876    
157.5               101021.067218037    
158.0               100957.302329213    
158.5               100884.986706037    
159.0               100810.388643925    
159.5               100738.705341084    
160.0               100677.041599035    
160.5               100630.703882181    
161.0               100600.268713447    
161.5               100583.055480479    
162.0               100579.467929834    
162.5               100589.420284376    
163.0               100612.090651719    
163.5               100649.682328308    
164.0               100699.0943128      
164.5               100762.572817438    
165.0               100839.920198744    
165.5               100931.470158392    
166.0               101037.897960396    
166.5               101160.039943262    
167.0               101292.238081574    
167.5               101435.342067757    
168.0               101590.507636024    
168.5               101759.404450412    
169.0               101944.08439343     
169.5               102144.832227844    
170.0               102368.835838944    
170.5               102611.666638174    
171.0               102868.662842306    
171.5               103135.426716395    
172.0               103409.5215272      
172.5               103688.804853029    
173.0               103971.540567662    
173.5               104256.798242395    
174.0               104543.786730988    
174.5               104831.097823529    
175.0               105116.55184554     
175.5               105397.528406922    
176.0               105671.049428667    
176.5               105934.047570519    
177.0               106184.003270833    
177.5               106418.79770282     
178.0               106640.714980803    
178.5               106858.272534666    
179.0               107080.589538892    
179.5               107314.972852724    
180.0               107567.772894017    
180.5               107833.476459451    
181.0               108116.144934566    
181.5               108408.213005247    
182.0               108702.905638219    
182.5               108995.239147722    
183.0               109278.76621395     
183.5               109547.805127561    
184.0               109803.596754177    
184.5               110036.043079336    
185.0               110239.814278946    
185.5               110422.908192795    
186.0               110574.212248817    
186.5               110703.345627137    
187.0               110802.554557851    
187.5               110866.500376286    
188.0               110902.610299954    
188.5               110896.262690422    
189.0               110862.005920287    
189.5               110795.055629198    
190.0               110707.326815123    
190.5               110604.864102671    
191.0               110497.59372429     
191.5               110391.709344836    
192.0               110291.693595702    
192.5               110197.321565185    
193.0               110107.140118818    
193.5               110019.289666843    
194.0               109931.397753924    
194.5               109841.280784594    
195.0               109748.375564948    
195.5               109647.889649709    
196.0               109536.378027796    
196.5               109407.256210822    
197.0               109246.531730437    
197.5               109062.637966711    
198.0               108848.721705893    
198.5               108616.16053802     
199.0               108361.130603132    
199.5               108094.343674491    
200.0               107820.709162254    
200.5               107547.099317353    
201.0               107277.287874442    
201.5               107015.518918599    
202.0               106760.003427828    
202.5               106513.019568682    
203.0               106270.327260988    
203.5               106031.174862534    
204.0               105792.737398745    
204.5               105553.292464383    
205.0               105310.643718512    
205.5               105059.489254404    
206.0               104799.98448101     
206.5               104528.131586233    
207.0               104247.096111879    
207.5               103955.234275316    
208.0               103656.83775049     
208.5               103356.009711102    
209.0               103057.249359591    
209.5               102767.181432592    
210.0               102485.256817912    
210.5               102217.428785464    
211.0               101958.861797452    
211.5               101713.421684893    
212.0               101478.880343013    
212.5               101252.031431725    
213.0               101035.648230687    
213.5               100828.731561758    
214.0               100628.401034896    
214.5               100436.782505905    
215.0               100251.720177896    
215.5               100069.956067298    
216.0               99891.3015410893    
216.5               99715.1358251155    
217.0               99541.2971736599    
217.5               99372.5268481336    
218.0               99210.5566916043    
218.5               99059.0530576779    
219.0               98915.3102583548    
219.5               98783.1877989538    
220.0               98661.4458820786    
220.5               98549.6382117838    
221.0               98448.3627392454    
221.5               98352.7748437918    
222.0               98265.2444466622    
222.5               98185.2008609271    
223.0               98112.9104042179    
223.5               98049.2668652742    
224.0               97994.4475343741    
224.5               97949.5641561774    
225.0               97913.2920941886    
225.5               97885.6570706187    
226.0               97865.8323262725    
226.5               97852.0376877345    
227.0               97843.1484353627    
227.5               97838.3594319686    
228.0               97837.3320714063    
228.5               97839.8403130428    
229.0               97845.9536441079    
229.5               97856.2207944748    
230.0               97870.7944621201    
230.5               97888.9123413061    
231.0               97909.2815261596    
231.5               97930.8523238941    
232.0               97953.1607615351    
232.5               97976.2555310098    
233.0               98000.5308287992    
233.5               98026.2855514625    
234.0               98054.2337522012    
234.5               98084.0631976464    
235.0               98115.8624666589    
235.5               98149.6617971793    
236.0               98185.4392391304    
236.5               98223.0789599737    
237.0               98262.6795202938    
237.5               98305.1231670594    
238.0               98351.1543845861    
238.5               98403.2707514103    
239.0               98462.8339401998    
239.5               98529.532279283     
240.0               98602.6944216749    
240.5               98681.8701534614    
241.0               98767.1236339523    
241.5               98858.7536977471    
242.0               98957.5064672111    
242.5               99064.0733546835    
243.0               99179.1237065813    
243.5               99303.2733342177    
244.0               99436.2858580958    
244.5               99577.631586748     
245.0               99725.2180564117    
245.5               99878.8178962733    
246.0               100037.503288591    
246.5               100200.458490824    
247.0               100366.739351536    
247.5               100535.475600349    
248.0               100704.768438928    
248.5               100873.461752992    
249.0               101039.975279669    
249.5               101202.498823764    
250.0               101359.792361332    
250.5               101508.019336407    
251.0               101647.367179122    
251.5               101776.357700685    
252.0               101894.059748961    
252.5               101999.882803151    
253.0               102090.763158395    
253.5               102165.021336666    
254.0               102223.285303563    
254.5               102259.740938679    
255.0               102278.12915487     
255.5               102278.951747034    
256.0               102262.840139007    
256.5               102229.708328752    
257.0               102179.79180721     
257.5               102113.542926369    
258.0               102031.605877912    
258.5               101935.077279622    
259.0               101826.788281675    
259.5               101710.372973916    
260.0               101589.688420536    
260.5               101468.532575564    
261.0               101350.534248086    
261.5               101238.340777962    
262.0               101132.229704259    
262.5               101032.777737647    
263.0               100939.326881933    
263.5               100853.980949908    
264.0               100778.184495003    
264.5               100712.992080749    
265.0               100658.97094621     
265.5               100615.617582672    
266.0               100581.115786802    
266.5               100553.580981476    
267.0               100531.801556626    
267.5               100514.790095144    
268.0               100501.429596685    
268.5               100492.260858225    
269.0               100486.672849479    
269.5               100484.574898571    
270.0               100485.143707258    
270.5               100486.987981481    
271.0               100489.053471582    
271.5               100490.714566929    
272.0               100491.641427953    
272.5               100491.596460591    
273.0               100490.613037596    
273.5               100489.258947596    
274.0               100488.03615832     
274.5               100487.10817689     
275.0               100486.40311328     
275.5               100485.624164556    
276.0               100484.638097032    
276.5               100483.568473765    
277.0               100482.508274374    
277.5               100482.04333621     
278.0               100482.675019419    
278.5               100484.696309865    
279.0               100488.512919903    
279.5               100493.644907237    
280.0               100500.051633654    
280.5               100507.543777381    
281.0               100516.092942595    
281.5               100525.732400063    
282.0               100536.573726952    
282.5               100548.830459094    
283.0               100562.682905694    
283.5               100577.975236301    
284.0               100594.765519962    
284.5               100612.447331736    
285.0               100630.849289825    
285.5               100649.860985011    
286.0               100669.420661885    
286.5               100689.549338248    
287.0               100710.244688637    
287.5               100731.407389534    
288.0               100752.742448084    
288.5               100773.956498523    
289.0               100794.726414258    
289.5               100814.771182616    
290.0               100833.804596194    
290.5               100851.678158461    
291.0               100868.368076984    
291.5               100883.885183364    
292.0               100898.146349426    
292.5               100911.002669435    
293.0               100922.244464356    
293.5               100931.530617924    
294.0               100938.515381113    
294.5               100942.975744175    
295.0               100944.336872994    
295.5               100942.939700232    
296.0               100938.559447188    
296.5               100931.37923596     
297.0               100921.580720667    
297.5               100909.437806913    
298.0               100895.054214626    
298.5               100878.457203181    
299.0               100859.919639618    
299.5               100840.096206128    
300.0               100819.809          
300.5               100799.810636671    
301.0               100780.742118074    
301.5               100762.858417782    
302.0               100746.543218015    
302.5               100731.106970905    
303.0               100715.935005681    
303.5               100700.630776792    
304.0               100685.107161548    
304.5               100669.589404866    
305.0               100654.451946295    
305.5               100640.103744713    
306.0               100626.737780926    
306.5               100614.171299385    
307.0               100601.982729595    
307.5               100589.671819996    
308.0               100576.880300914    
308.5               100563.573465283    
309.0               100549.89427625     
309.5               100536.25990803     
310.0               100522.859998204    
310.5               100509.834526123    
311.0               100497.147021497    
311.5               100484.657735014    
312.0               100472.141412309    
312.5               100459.428977574    
313.0               100446.527564767    
313.5               100433.676106484    
314.0               100421.193410884    
314.5               100409.310277861    
315.0               100398.085453459    
315.5               100387.380924761    
316.0               100376.903499701    
316.5               100366.28064226     
317.0               100355.029957828    
317.5               100343.067726394    
318.0               100330.426716024    
318.5               100317.288831568    
319.0               100303.824490807    
319.5               100290.224091508    
320.0               100276.537459233    
320.5               100262.755919281    
321.0               100248.84815922     
321.5               100234.87927591     
322.0               100221.053743381    
322.5               100207.576797218    
323.0               100194.640836364    
323.5               100182.330913669    
324.0               100170.568911888    
324.5               100159.099345402    
325.0               100147.591491088    
325.5               100135.775399281    
326.0               100123.517195604    
326.5               100110.931517986    
327.0               100098.232532667    
327.5               100085.467688281    
328.0               100072.298207014    
328.5               100058.036572353    
329.0               100041.90823875     
329.5               100023.437885714    
330.0               100002.64146283     
330.5               99980.0730774026    
331.0               99956.6787508393    
331.5               99933.4689547253    
332.0               99911.1546730616    
332.5               99890.5438185814    
333.0               99871.4370723421    
333.5               99853.6484357642    
334.0               99836.8189992807    
334.5               99820.6483176659    
335.0               99805.0398304895    
335.5               99790.1794614186    
336.0               99776.4554909091    
336.5               99764.2010702154    
337.0               99753.3587746783    
337.5               99743.3858412115    
338.0               99733.4610459178    
338.5               99722.9870514286    
339.0               99711.7814672527    
339.5               99700.1432947452    
340.0               99688.7546638964    
340.5               99678.2794832368    
341.0               99669.2986107981    
341.5               99661.9238638271    
342.0               99655.9596324476    
342.5               99651.0151954051    
343.0               99646.6538076116    
343.5               99642.5334693307    
344.0               99638.3701977864    
344.5               99633.7772159182    
345.0               99628.1230125075    
345.5               99620.627467013     
346.0               99610.5238681582    
346.5               99597.3981884116    
347.0               99581.4518470729    
347.5               99563.4805056337    
348.0               99544.6479668811    
348.5               99526.5060838511    
349.0               99510.4717054146    
349.5               99497.844325641     
350.0               99489.281564337     
350.5               99484.2499011507    
351.0               99481.4598338169    
351.5               99479.9091730653    
352.0               99478.8879341353    
352.5               99477.8775990233    
353.0               99476.5792340585    
353.5               99474.4720910283    
354.0               99470.7014667265    
354.5               99464.7143882045    
355.0               99456.0605864157    
355.5               99444.7065339958    
356.0               99430.7230573853    
356.5               99414.5253888466    
357.0               99397.0403586207    
357.5               99379.2609760252    
358.0               99362.1502487476    
358.5               99346.5981876797    
359.0               99333.1018854101    
359.5               99321.7522451223    
360.0               99312.62            
