TEMPORAL
CYCLIC              720.0
crank               temperature         
-360.0              763.04144           
-359.5              763.009703277387    
-359.0              762.982997353141    
-358.5              762.962104556605    
-358.0              762.947376396076    
-357.5              762.939534519647    
-357.0              762.936917015687    
-356.5              762.938001939746    
-356.0              762.939186567001    
-355.5              762.938569474599    
-355.0              762.935552405738    
-354.5              762.930836026232    
-354.0              762.925377241184    
-353.5              762.920169537388    
-353.0              762.915751761713    
-352.5              762.912356693452    
-352.0              762.910097642585    
-351.5              762.90891390343     
-351.0              762.908502874367    
-350.5              762.908786342505    
-350.0              762.909699368811    
-349.5              762.911285890953    
-349.0              762.913930011431    
-348.5              762.917784807258    
-348.0              762.922990525172    
-347.5              762.929557231923    
-347.0              762.937515171559    
-346.5              762.946491724503    
-346.0              762.955870447129    
-345.5              762.965236733275    
-345.0              762.974311307562    
-344.5              762.982900348111    
-344.0              762.990984007194    
-343.5              762.998639650693    
-343.0              763.006198145632    
-342.5              763.01408545509     
-342.0              763.022716894471    
-341.5              763.032428934117    
-341.0              763.042935992906    
-340.5              763.052884712758    
-340.0              763.060213937138    
-339.5              763.061088196259    
-339.0              763.049391567421    
-338.5              763.012642192027    
-338.0              762.95123038005     
-337.5              762.866176726343    
-337.0              762.769379417935    
-336.5              762.682139776462    
-336.0              762.621734274011    
-335.5              762.58833731793     
-335.0              762.580642639144    
-334.5              762.594006827508    
-334.0              762.619747117348    
-333.5              762.64985528474     
-333.0              762.680602880917    
-332.5              762.711931648554    
-332.0              762.744118122977    
-331.5              762.776673031284    
-331.0              762.808832544249    
-330.5              762.840121374206    
-330.0              762.870117891516    
-329.5              762.898565146364    
-329.0              762.925298514206    
-328.5              762.950547056618    
-328.0              762.975350830812    
-327.5              762.999698828561    
-327.0              763.022424082562    
-326.5              763.041767436663    
-326.0              763.058077380022    
-325.5              763.075592339865    
-325.0              763.094745056351    
-324.5              763.111626618112    
-324.0              763.122862970897    
-323.5              763.124601337224    
-323.0              763.114652094755    
-322.5              763.087850039354    
-322.0              763.043406339669    
-321.5              762.977079658571    
-321.0              762.886955411529    
-320.5              762.773873971657    
-320.0              762.625070797277    
-319.5              762.445548340892    
-319.0              762.238203054176    
-318.5              762.009156174272    
-318.0              761.767423227991    
-317.5              761.523913069977    
-317.0              761.305413924426    
-316.5              761.134660248527    
-316.0              761.026545579126    
-315.5              760.983779204735    
-315.0              760.99489499392     
-314.5              761.054309150696    
-314.0              761.154806766975    
-313.5              761.28529806695     
-313.0              761.435701314593    
-312.5              761.608446625283    
-312.0              761.820757954755    
-311.5              762.068733491983    
-311.0              762.345999343903    
-310.5              762.64604148211     
-310.0              762.962195214178    
-309.5              763.287764855452    
-309.0              763.615687554813    
-308.5              763.939226356198    
-308.0              764.253207216324    
-307.5              764.554277955538    
-307.0              764.840950814966    
-306.5              765.112996276602    
-306.0              765.371589073852    
-305.5              765.619571917754    
-305.0              765.860701051949    
-304.5              766.098375047015    
-304.0              766.335936942322    
-303.5              766.574744055852    
-303.0              766.815340286495    
-302.5              767.05683466551     
-302.0              767.298578943454    
-301.5              767.541426459272    
-301.0              767.787715625833    
-300.5              768.042202496574    
-300.0              768.306606885414    
-299.5              768.589093545963    
-299.0              768.890750354564    
-298.5              769.208289557893    
-298.0              769.537135994435    
-297.5              769.869989637995    
-297.0              770.208053166363    
-296.5              770.552738301764    
-296.0              770.914451126189    
-295.5              771.288228915214    
-295.0              771.664994407543    
-294.5              772.039269512298    
-294.0              772.410320887414    
-293.5              772.779646914026    
-293.0              773.146351104056    
-292.5              773.50881682712     
-292.0              773.85937846018     
-291.5              774.178887020995    
-291.0              774.474078807302    
-290.5              774.729165365643    
-290.0              774.934830837076    
-289.5              775.080041802235    
-289.0              775.136649424558    
-288.5              775.129478838708    
-288.0              775.070189649486    
-287.5              774.947449764239    
-287.0              774.774438185779    
-286.5              774.561240832565    
-286.0              774.31783345444     
-285.5              774.08475721941     
-285.0              773.884427272061    
-284.5              773.751609687709    
-284.0              773.679053216096    
-283.5              773.649100006591    
-283.0              773.663554525508    
-282.5              773.714403439951    
-282.0              773.776095833827    
-281.5              773.834902306692    
-281.0              773.882061533959    
-280.5              773.9113            
-280.0              773.904683826421    
-279.5              773.839611809962    
-279.0              773.714452946801    
-278.5              773.505710232583    
-278.0              773.163108056949    
-277.5              772.724157840562    
-277.0              772.205573348648    
-276.5              771.600229164324    
-276.0              770.926127131537    
-275.5              770.170185179712    
-275.0              769.398386092182    
-274.5              768.660645590351    
-274.0              767.987365355362    
-273.5              767.386558785061    
-273.0              766.870825201502    
-272.5              766.401417150188    
-272.0              765.989952624924    
-271.5              765.613145941034    
-271.0              765.282523675198    
-270.5              764.9785498585      
-270.0              764.701119042861    
-269.5              764.428430953323    
-269.0              764.144952051444    
-268.5              763.840356975588    
-268.0              763.490777313544    
-267.5              763.100700341996    
-267.0              762.652217165864    
-266.5              762.165064461788    
-266.0              761.637703529962    
-265.5              761.094158059167    
-265.0              760.549659856596    
-264.5              760.016804537865    
-264.0              759.514132764777    
-263.5              759.045521486978    
-263.0              758.60269314912     
-262.5              758.197062684329    
-262.0              757.826970078916    
-261.5              757.48459504438     
-261.0              757.185896643925    
-260.5              756.919688767372    
-260.0              756.677546189575    
-259.5              756.445867800443    
-259.0              756.220333365536    
-258.5              755.988854191855    
-258.0              755.734971795896    
-257.5              755.459857566145    
-257.0              755.150850748209    
-256.5              754.818135002365    
-256.0              754.476121749185    
-255.5              754.145566875148    
-255.0              753.831019152036    
-254.5              753.5448803067      
-254.0              753.287372761823    
-253.5              753.059371306464    
-253.0              752.85850483514     
-252.5              752.688555317164    
-252.0              752.553917643441    
-251.5              752.457336200429    
-251.0              752.394115464627    
-250.5              752.374422356174    
-250.0              752.393867143195    
-249.5              752.440671184709    
-249.0              752.49906543814     
-248.5              752.557020226905    
-248.0              752.610980930466    
-247.5              752.660951620171    
-247.0              752.707775819332    
-246.5              752.751637268965    
-246.0              752.792480986398    
-245.5              752.828937231622    
-245.0              752.862265218534    
-244.5              752.895198035854    
-244.0              752.928058224753    
-243.5              752.960732053661    
-243.0              752.994662666536    
-242.5              753.03257817958     
-242.0              753.076386384654    
-241.5              753.126791564189    
-241.0              753.184287643826    
-240.5              753.249042473803    
-240.0              753.3194826919      
-239.5              753.392897197798    
-239.0              753.474219135323    
-238.5              753.569666300051    
-238.0              753.675067443663    
-237.5              753.783748613257    
-237.0              753.891978239856    
-236.5              753.99919016202     
-236.0              754.105555946996    
-235.5              754.210731779663    
-235.0              754.313452864275    
-234.5              754.413781047835    
-234.0              754.513717456499    
-233.5              754.615016088959    
-233.0              754.716940725037    
-232.5              754.816589755842    
-232.0              754.913015965907    
-231.5              755.010250615528    
-231.0              755.114277424399    
-230.5              755.226709206769    
-230.0              755.344453487448    
-229.5              755.466009067169    
-229.0              755.591330084687    
-228.5              755.719392437967    
-228.0              755.848146730216    
-227.5              755.977059601043    
-227.0              756.104088627663    
-226.5              756.22573827552     
-226.0              756.340311519199    
-225.5              756.448495658502    
-225.0              756.547957267652    
-224.5              756.625191697192    
-224.0              756.657017897853    
-223.5              756.633471258167    
-223.0              756.557323423814    
-222.5              756.431282824655    
-222.0              756.255693341504    
-221.5              756.028044574789    
-221.0              755.74706559589     
-220.5              755.419818839014    
-220.0              755.069669882585    
-219.5              754.716413548804    
-219.0              754.372154693563    
-218.5              754.042612402407    
-218.0              753.732161382588    
-217.5              753.450693032527    
-217.0              753.211148100467    
-216.5              753.020118327194    
-216.0              752.872334924084    
-215.5              752.750993560319    
-215.0              752.642923075087    
-214.5              752.54364744432     
-214.0              752.453206969694    
-213.5              752.372072672994    
-213.0              752.298877773376    
-212.5              752.230520573256    
-212.0              752.165426678576    
-211.5              752.10606988392     
-211.0              752.057292541036    
-210.5              752.021854218995    
-210.0              752.000011442367    
-209.5              751.992594369369    
-209.0              752.000744914338    
-208.5              752.023907433675    
-208.0              752.058850426035    
-207.5              752.100916860068    
-207.0              752.145578526465    
-206.5              752.189487344418    
-206.0              752.239013350834    
-205.5              752.301248930685    
-205.0              752.374365782249    
-204.5              752.453054215701    
-204.0              752.532522933476    
-203.5              752.610889497639    
-203.0              752.687612093261    
-202.5              752.761725180895    
-202.0              752.832162009935    
-201.5              752.897846113815    
-201.0              752.957022035724    
-200.5              753.004900941097    
-200.0              753.032201884057    
-199.5              753.037631624882    
-199.0              753.02145231455     
-198.5              752.985432387449    
-198.0              752.930509030214    
-197.5              752.860206185171    
-197.0              752.780098048413    
-196.5              752.696244641694    
-196.0              752.612494075609    
-195.5              752.53305945685     
-195.0              752.465277663824    
-194.5              752.414999935902    
-194.0              752.380332033541    
-193.5              752.354601204853    
-193.0              752.334339419804    
-192.5              752.316593418712    
-192.0              752.298675134277    
-191.5              752.277954052222    
-191.0              752.251343547769    
-190.5              752.214270764938    
-190.0              752.16335042883     
-189.5              752.091053007412    
-189.0              752.003104607057    
-188.5              751.907958081549    
-188.0              751.813650711872    
-187.5              751.72436094038     
-187.0              751.644062203981    
-186.5              751.578257341156    
-186.0              751.533467094406    
-185.5              751.514238930021    
-185.0              751.512332818025    
-184.5              751.523299193613    
-184.0              751.543570768047    
-183.5              751.569669070708    
-183.0              751.59814138451     
-182.5              751.626279377597    
-182.0              751.653126236215    
-181.5              751.678813192899    
-181.0              751.70362555426     
-180.5              751.727638779056    
-180.0              751.750679744844    
-179.5              751.772150820686    
-179.0              751.791049405854    
-178.5              751.804882598867    
-178.0              751.807956581824    
-177.5              751.796550555081    
-177.0              751.769835711194    
-176.5              751.725607505152    
-176.0              751.663120259238    
-175.5              751.585257747552    
-175.0              751.498910121967    
-174.5              751.411874358319    
-174.0              751.329032452912    
-173.5              751.252415970461    
-173.0              751.184185114107    
-172.5              751.126629765816    
-172.0              751.080946782392    
-171.5              751.045469738048    
-171.0              751.014990769026    
-170.5              750.985729163362    
-170.0              750.955932533691    
-169.5              750.924717926478    
-169.0              750.892012405359    
-168.5              750.856209386204    
-168.0              750.813994056787    
-167.5              750.761800545945    
-167.0              750.69843796417     
-166.5              750.625519154478    
-166.0              750.547477660002    
-165.5              750.469593887385    
-165.0              750.396510503515    
-164.5              750.332062582155    
-164.0              750.279600033555    
-163.5              750.241553440444    
-163.0              750.217247409916    
-162.5              750.204454094392    
-162.0              750.200438483035    
-161.5              750.201591526135    
-161.0              750.205563056422    
-160.5              750.210664377022    
-160.0              750.215754778234    
-159.5              750.220105221889    
-159.0              750.223760174739    
-158.5              750.226693084863    
-158.0              750.228862776001    
-157.5              750.229859727375    
-157.0              750.22862353838     
-156.5              750.222026301743    
-156.0              750.205375201671    
-155.5              750.177667953585    
-155.0              750.137471266301    
-154.5              750.085123518056    
-154.0              750.021658085628    
-153.5              749.950491560254    
-153.0              749.877778587599    
-152.5              749.809034738387    
-152.0              749.746484734473    
-151.5              749.689405899597    
-151.0              749.636790000203    
-150.5              749.588877648016    
-150.0              749.546389113075    
-149.5              749.508896348942    
-149.0              749.474270746408    
-148.5              749.439974773456    
-148.0              749.403746941444    
-147.5              749.364325344353    
-147.0              749.320687008381    
-146.5              749.270654218086    
-146.0              749.21096929926     
-145.5              749.138787946501    
-145.0              749.053659321664    
-144.5              748.959084237186    
-144.0              748.861257748858    
-143.5              748.76623852363     
-143.0              748.68176290979     
-142.5              748.61051642409     
-142.0              748.554834567772    
-141.5              748.513994078356    
-141.0              748.484116019569    
-140.5              748.461338292673    
-140.0              748.444282820785    
-139.5              748.431878915619    
-139.0              748.421863245451    
-138.5              748.412929379877    
-138.0              748.404036178983    
-137.5              748.3939850942      
-137.0              748.382501234301    
-136.5              748.37016270948     
-136.0              748.357833292045    
-135.5              748.346597893391    
-135.0              748.331579428617    
-134.5              748.310347114716    
-134.0              748.282274736779    
-133.5              748.248630069366    
-133.0              748.211325673301    
-132.5              748.171194200913    
-132.0              748.127629043317    
-131.5              748.080754353663    
-131.0              748.032836749046    
-130.5              747.986931066779    
-130.0              747.945335396345    
-129.5              747.908817916618    
-129.0              747.877793087177    
-128.5              747.852332281473    
-128.0              747.831163740161    
-127.5              747.811451232411    
-127.0              747.792680266295    
-126.5              747.774163683202    
-126.0              747.754536476501    
-125.5              747.731693148474    
-125.0              747.703453088495    
-124.5              747.668970091665    
-124.0              747.624631379191    
-123.5              747.570760416607    
-123.0              747.507521661927    
-122.5              747.438727124209    
-122.0              747.370909023155    
-121.5              747.309674308371    
-121.0              747.256266424898    
-120.5              747.210663755687    
-120.0              747.169478338493    
-119.5              747.130732635657    
-119.0              747.093840629682    
-118.5              747.060398755611    
-118.0              747.033446284094    
-117.5              747.013438900635    
-117.0              746.999066586686    
-116.5              746.989199513922    
-116.0              746.981511947111    
-115.5              746.97464059706     
-115.0              746.966775898563    
-114.5              746.958036494277    
-114.0              746.948870061301    
-113.5              746.940244291964    
-113.0              746.932771905505    
-112.5              746.926291719381    
-112.0              746.919480817843    
-111.5              746.911070038288    
-111.0              746.900109731019    
-110.5              746.886597698301    
-110.0              746.871270087491    
-109.5              746.855340395785    
-109.0              746.840313633094    
-108.5              746.826941045122    
-108.0              746.815288943908    
-107.5              746.805331619974    
-107.0              746.796806891287    
-106.5              746.789446183499    
-106.0              746.782903558454    
-105.5              746.776640327921    
-105.0              746.770494343421    
-104.5              746.764811705168    
-104.0              746.76003039624     
-103.5              746.756262142557    
-103.0              746.753371784829    
-102.5              746.751062666853    
-102.0              746.749287998322    
-101.5              746.748308790616    
-101.0              746.748628199323    
-100.5              746.750535405975    
-100.0              746.755289343132    
-99.5               746.768513693402    
-99.0               746.796309201902    
-98.5               746.850728853455    
-98.0               746.933768061023    
-97.5               747.047507880877    
-97.0               747.191690832168    
-96.5               747.373171017603    
-96.0               747.592170738491    
-95.5               747.865248966854    
-95.0               748.187142571377    
-94.5               748.565470230941    
-94.0               749.001917789743    
-93.5               749.49397128159     
-93.0               750.036530627535    
-92.5               750.620241630142    
-92.0               751.249811421151    
-91.5               751.93696425027     
-91.0               752.688856352231    
-90.5               753.495038910863    
-90.0               754.345120220544    
-89.5               755.233942603991    
-89.0               756.152820859534    
-88.5               757.084895143622    
-88.0               758.005602634155    
-87.5               758.88329822746     
-87.0               759.703975107157    
-86.5               760.503173761786    
-86.0               761.327199510506    
-85.5               762.188364408997    
-85.0               763.086117308358    
-84.5               764.014766637292    
-84.0               764.965896957651    
-83.5               765.941427790968    
-83.0               766.940930445992    
-82.5               767.97942096048     
-82.0               769.055096082732    
-81.5               770.191075927351    
-81.0               771.409997864641    
-80.5               772.734670352202    
-80.0               774.172917329344    
-79.5               775.733592690404    
-79.0               777.450708864593    
-78.5               779.297101589969    
-78.0               781.298452773151    
-77.5               783.452710727843    
-77.0               785.824504545874    
-76.5               788.382767837164    
-76.0               791.150423530932    
-75.5               794.128561412668    
-75.0               797.287180093843    
-74.5               800.684876459367    
-74.0               804.265142597692    
-73.5               808.021107951692    
-73.0               811.93604172622     
-72.5               816.000046320365    
-72.0               820.204529784206    
-71.5               824.53672952185     
-71.0               828.980394837171    
-70.5               833.537388887179    
-70.0               838.182780632563    
-69.5               842.91784204587     
-69.0               847.715785208666    
-68.5               852.574235515808    
-68.0               857.462727309995    
-67.5               862.374247360486    
-67.0               867.289548534453    
-66.5               872.200463564004    
-66.0               877.088084688826    
-65.5               881.956192863917    
-65.0               886.859650755047    
-64.5               891.87220976258     
-64.0               896.945717517236    
-63.5               902.148943249363    
-63.0               907.559845898239    
-62.5               913.063179654707    
-62.0               918.563968365058    
-61.5               923.996587527692    
-61.0               929.302834195337    
-60.5               934.439110926979    
-60.0               939.364711204511    
-59.5               944.043896001276    
-59.0               948.442305196452    
-58.5               952.532659487235    
-58.0               956.296763900731    
-57.5               959.729207204561    
-57.0               962.835558415505    
-56.5               965.568710632859    
-56.0               968.074627868431    
-55.5               970.188699391516    
-55.0               971.928055051332    
-54.5               973.330436602778    
-54.0               974.487385465974    
-53.5               975.419726803186    
-53.0               976.087568767827    
-52.5               976.520281452707    
-52.0               976.778584389445    
-51.5               976.777776709546    
-51.0               976.55166273736     
-50.5               976.164793902475    
-50.0               975.551667681264    
-49.5               974.801965065024    
-49.0               973.871965982354    
-48.5               972.793081404945    
-48.0               971.611248776198    
-47.5               970.261351892697    
-47.0               968.755446557949    
-46.5               966.98230086283     
-46.0               965.015848077904    
-45.5               962.947590238793    
-45.0               960.774804856784    
-44.5               958.556224179645    
-44.0               956.292981689857    
-43.5               954.010912952818    
-43.0               951.711267771685    
-42.5               949.398524247227    
-42.0               947.078371844729    
-41.5               944.748400328035    
-41.0               942.412896189536    
-40.5               940.069129118113    
-40.0               937.718150617003    
-39.5               935.35249360997     
-39.0               932.973590234148    
-38.5               930.565455492719    
-38.0               928.110820843277    
-37.5               925.602167559638    
-37.0               923.073737908897    
-36.5               920.544971638107    
-36.0               918.026925153313    
-35.5               915.545762339945    
-35.0               913.096496533525    
-34.5               910.705731006889    
-34.0               908.374838487711    
-33.5               906.091709748347    
-33.0               903.882609761733    
-32.5               901.720289740933    
-32.0               899.620180401441    
-31.5               897.570210599394    
-31.0               895.551751342126    
-30.5               893.569005129172    
-30.0               891.610776723427    
-29.5               889.664946599594    
-29.0               887.729582920004    
-28.5               885.780957021931    
-28.0               883.81814414084     
-27.5               881.84364743271     
-27.0               879.849209309195    
-26.5               877.84343463505     
-26.0               875.832896265739    
-25.5               873.840473370853    
-25.0               871.868433274137    
-24.5               869.93077815016     
-24.0               868.035786265848    
-23.5               866.190177288508    
-23.0               864.385032852545    
-22.5               862.632318393194    
-22.0               860.932368838019    
-21.5               859.274370486219    
-21.0               857.656927218449    
-20.5               856.083044471738    
-20.0               854.543735397702    
-19.5               853.03558598221     
-19.0               851.547807539991    
-18.5               850.092651353574    
-18.0               848.664343937227    
-17.5               847.261735390022    
-17.0               845.886104109646    
-16.5               844.544928009512    
-16.0               843.22894071066     
-15.5               841.964886889494    
-15.0               840.752292488611    
-14.5               839.593532583936    
-14.0               838.485398127301    
-13.5               837.42236963537     
-13.0               836.400344165859    
-12.5               835.417927519339    
-12.0               834.477020472227    
-11.5               833.580287494553    
-11.0               832.729889116566    
-10.5               831.927927333785    
-10.0               831.176140737244    
-9.5                830.47504698392     
-9.0                829.823587873149    
-8.5                829.221009512887    
-8.0                828.668192994175    
-7.5                828.166447630426    
-7.0                827.71470728591     
-6.5                827.309424606819    
-6.0                826.947684365184    
-5.5                826.630372772391    
-5.0                826.36049381607     
-4.5                826.144828232393    
-4.0                825.985051448067    
-3.5                825.878998635321    
-3.0                825.822818813861    
-2.5                825.814734105999    
-2.0                825.856823678587    
-1.5                825.952883615895    
-1.0                826.092905137811    
-0.5                826.283119296623    
0.0                 826.531920491036    
0.5                 826.852711073094    
1.0                 827.246157398983    
1.5                 827.691184677728    
2.0                 828.169938416928    
2.5                 828.671386120764    
3.0                 829.184998909661    
3.5                 829.67425348835     
4.0                 830.115527235836    
4.5                 830.517367731496    
5.0                 830.892229110372    
5.5                 831.25161422749     
6.0                 831.61903439113     
6.5                 831.99801111451     
7.0                 832.390809891034    
7.5                 832.820879143933    
8.0                 833.306952214235    
8.5                 833.842172184686    
9.0                 834.428703109072    
9.5                 835.052369674194    
10.0                835.698666380497    
10.5                836.35120250306     
11.0                836.988218790591    
11.5                837.588643980109    
12.0                838.127289052893    
12.5                838.606163702791    
13.0                839.033178657125    
13.5                839.371147189528    
14.0                839.565107657294    
14.5                839.500563125012    
15.0                839.165434518754    
15.5                838.671695061657    
16.0                838.068872246907    
16.5                837.354588710759    
17.0                836.511965271627    
17.5                835.540056709578    
18.0                834.446993494253    
18.5                833.214415074468    
19.0                831.892877999388    
19.5                830.498543785766    
20.0                829.061115721113    
20.5                827.603304530425    
21.0                826.127167327203    
21.5                824.608774096217    
22.0                823.027373912195    
22.5                821.36293701868     
23.0                819.66236533438     
23.5                817.950125306837    
24.0                816.239394134543    
24.5                814.540351139241    
25.0                812.864321018401    
25.5                811.220013578725    
26.0                809.615757580658    
26.5                808.056417011948    
27.0                806.537451729137    
27.5                805.047591993604    
28.0                803.58097535        
28.5                802.176007257542    
29.0                800.892466135982    
29.5                799.625760947991    
30.0                798.399757459036    
30.5                797.238283769968    
31.0                796.152335348095    
31.5                795.139424293402    
32.0                794.189755832238    
32.5                793.29275089889     
33.0                792.441562682355    
33.5                791.636736348838    
34.0                790.884628893032    
34.5                790.19179196195     
35.0                789.563103481499    
35.5                788.998614125846    
36.0                788.512915996201    
36.5                788.08430434241     
37.0                787.708011307183    
37.5                787.358477372194    
38.0                787.015861964839    
38.5                786.676648432571    
39.0                786.349595071505    
39.5                786.048837575758    
40.0                785.785124504196    
40.5                785.560652273263    
41.0                785.367137269948    
41.5                785.202131879134    
42.0                785.054981246262    
42.5                784.92276252008     
43.0                784.80587253044     
43.5                784.707043058143    
44.0                784.630894771069    
44.5                784.583510339734    
45.0                784.571163579887    
45.5                784.596549591599    
46.0                784.658492881487    
46.5                784.753820972722    
47.0                784.873279716164    
47.5                785.007907362034    
48.0                785.155158380331    
48.5                785.318242919201    
49.0                785.502944736741    
49.5                785.713235503667    
50.0                785.952417157907    
50.5                786.208373616176    
51.0                786.476946203411    
51.5                786.751006010031    
52.0                787.02560480287     
52.5                787.298279454195    
53.0                787.56872663684     
53.5                787.837546240142    
54.0                788.106202797038    
54.5                788.375916515762    
55.0                788.647742801388    
55.5                788.921666371313    
56.0                789.195523948637    
56.5                789.464930823693    
57.0                789.726850407482    
57.5                789.975948855077    
58.0                790.212873103781    
58.5                790.441709808212    
59.0                790.665970594707    
59.5                790.886074031436    
60.0                791.099523462906    
60.5                791.303119179973    
61.0                791.495050698502    
61.5                791.675133371735    
62.0                791.84401780193     
62.5                792.002169309242    
63.0                792.149543670508    
63.5                792.285887346638    
64.0                792.411666262626    
64.5                792.527637488338    
65.0                792.634298583035    
65.5                792.729254875511    
66.0                792.813379879342    
66.5                792.883692589074    
67.0                792.939927659856    
67.5                792.983409820555    
68.0                793.016410057698    
68.5                793.040991927434    
69.0                793.058696702225    
69.5                793.0707282778      
70.0                793.076058115195    
70.5                793.075734968772    
71.0                793.06974822296     
71.5                793.0587031905      
72.0                793.043217136829    
72.5                793.02345494411     
73.0                792.998664834623    
73.5                792.967234385303    
74.0                792.928797323787    
74.5                792.882545600407    
75.0                792.831218027397    
75.5                792.775738575343    
76.0                792.715160972364    
76.5                792.648004936387    
77.0                792.574056968368    
77.5                792.494731428068    
78.0                792.412023589569    
78.5                792.32708723894     
79.0                792.23991124965     
79.5                792.150410958795    
80.0                792.059762666094    
80.5                791.969852161012    
81.0                791.882833641723    
81.5                791.800058865843    
82.0                791.721764522639    
82.5                791.647552170933    
83.0                791.577216786093    
83.5                791.511031854694    
84.0                791.449423798106    
84.5                791.391019717043    
85.0                791.333079918077    
85.5                791.275190559508    
86.0                791.218749234059    
86.5                791.166363729369    
87.0                791.120491974544    
87.5                791.081729898493    
88.0                791.052285564415    
88.5                791.026757813125    
89.0                790.99626698903     
89.5                790.960285215602    
90.0                790.920221124143    
90.5                790.877525123389    
91.0                790.833783371765    
91.5                790.789351582944    
92.0                790.743470154658    
92.5                790.695042080486    
93.0                790.643130072135    
93.5                790.585064593282    
94.0                790.518652119892    
94.5                790.445099575582    
95.0                790.366871016983    
95.5                790.286900786477    
96.0                790.20764550969     
96.5                790.131211145392    
97.0                790.058383337529    
97.5                789.988389687725    
98.0                789.919524203081    
98.5                789.849979331055    
99.0                789.778907077064    
99.5                789.706411165012    
100.0               789.633221637697    
100.5               789.559928060417    
101.0               789.48572044876     
101.5               789.406312131383    
102.0               789.314867101415    
102.5               789.209277733693    
103.0               789.092204965636    
103.5               788.968565577177    
104.0               788.842858790858    
104.5               788.719043348118    
105.0               788.59831604535     
105.5               788.48069074043     
106.0               788.365842875637    
106.5               788.253423964036    
107.0               788.14332407104     
107.5               788.035614410213    
108.0               787.930808204375    
108.5               787.829033111564    
109.0               787.72878032684     
109.5               787.623016080765    
110.0               787.505277959065    
110.5               787.374689654555    
111.0               787.231478182022    
111.5               787.078183299253    
112.0               786.917522554705    
112.5               786.753366104911    
113.0               786.589520509202    
113.5               786.427701402259    
114.0               786.268983101436    
114.5               786.113279407901    
115.0               785.959719308534    
115.5               785.810129910234    
116.0               785.665220446773    
116.5               785.527324275293    
117.0               785.397278733996    
117.5               785.274526924095    
118.0               785.160378950895    
118.5               785.058376461961    
119.0               784.973213175803    
119.5               784.903599191006    
120.0               784.848628733059    
120.5               784.802828368384    
121.0               784.768229295146    
121.5               784.741544336345    
122.0               784.723076911359    
122.5               784.712230636578    
123.0               784.707089313145    
123.5               784.708415291213    
124.0               784.713898951277    
124.5               784.72269203261     
125.0               784.734215029812    
125.5               784.748798978227    
126.0               784.769468161454    
126.5               784.801185256381    
127.0               784.844818614752    
127.5               784.902289660165    
128.0               784.973401329549    
128.5               785.057864064       
129.0               785.155074080424    
129.5               785.261541683429    
130.0               785.372757366426    
130.5               785.485831765165    
131.0               785.598974801655    
131.5               785.710986367724    
132.0               785.821311358459    
132.5               785.929988184162    
133.0               786.036818152026    
133.5               786.140879467216    
134.0               786.241429072742    
134.5               786.336803980338    
135.0               786.425403146094    
135.5               786.505419622717    
136.0               786.574709901279    
136.5               786.631729645705    
137.0               786.675570340914    
137.5               786.698994310035    
138.0               786.693447255615    
138.5               786.670417557252    
139.0               786.645753665321    
139.5               786.621226730608    
140.0               786.593815769492    
140.5               786.562367829597    
141.0               786.528739491668    
141.5               786.496022012189    
142.0               786.466605683685    
142.5               786.441392565332    
143.0               786.420712220269    
143.5               786.404957092907    
144.0               786.394503354645    
144.5               786.389116487513    
145.0               786.38867729207     
145.5               786.393355741684    
146.0               786.403962605586    
146.5               786.421040902607    
147.0               786.444679752273    
147.5               786.474585352113    
148.0               786.510783485557    
148.5               786.552555894209    
149.0               786.59851823238     
149.5               786.647112869471    
150.0               786.69693782772     
150.5               786.747897936978    
151.0               786.799454742996    
151.5               786.851187683547    
152.0               786.902473228706    
152.5               786.952776492324    
153.0               787.002330336736    
153.5               787.051915607025    
154.0               787.101094832381    
154.5               787.147261930433    
155.0               787.186224168841    
155.5               787.204896341505    
156.0               787.195305379458    
156.5               787.158080374515    
157.0               787.081641196694    
157.5               786.958171496489    
158.0               786.793161734933    
158.5               786.599754239222    
159.0               786.396698549596    
159.5               786.200153125685    
160.0               786.032307472399    
160.5               785.909694975485    
161.0               785.830702570171    
161.5               785.781428657819    
162.0               785.758777005525    
162.5               785.761912096467    
163.0               785.785800746127    
163.5               785.828514939089    
164.0               785.882082508185    
164.5               785.944244759185    
165.0               786.00978029012     
165.5               786.082717869327    
166.0               786.180196732673    
166.5               786.307920633258    
167.0               786.454963769827    
167.5               786.622860145493    
168.0               786.813721354434    
168.5               787.030650878997    
169.0               787.277482815126    
169.5               787.554707444036    
170.0               787.875725793159    
170.5               788.231991316573    
171.0               788.598645809476    
171.5               788.958550933866    
172.0               789.309245867239    
172.5               789.652075387957    
173.0               789.990197726955    
173.5               790.326931723805    
174.0               790.663931271283    
174.5               791.001639470588    
175.0               791.341153096208    
175.5               791.68442985725     
176.0               792.033071341336    
176.5               792.388058165029    
177.0               792.749366854167    
177.5               793.109594948971    
178.0               793.45587804363     
178.5               793.799629717833    
179.0               794.15223430323     
179.5               794.522544590627    
180.0               794.915666547279    
180.5               795.319503383304    
181.0               795.721140009249    
181.5               796.114677620147    
182.0               796.499384065164    
182.5               796.880604010273    
183.0               797.26126610664     
183.5               797.643048651913    
184.0               798.023047746335    
184.5               798.386191981183    
185.0               798.713208644754    
185.5               799.013543816149    
186.0               799.268996373092    
186.5               799.486712909877    
187.0               799.650388048583    
187.5               799.750304285328    
188.0               799.800083755548    
188.5               799.773123874891    
189.0               799.69345914017     
189.5               799.544332404837    
190.0               799.342308924731    
190.5               799.097685268817    
191.0               798.836930518484    
191.5               798.579015071921    
192.0               798.337790839254    
192.5               798.113327949813    
193.0               797.901660546564    
193.5               797.697700454786    
194.0               797.494385898827    
194.5               797.285783931977    
195.0               797.06998604669     
195.5               796.83458245522     
196.0               796.570300725096    
196.5               796.259460406078    
197.0               795.867319892795    
197.5               795.42367532893     
198.0               794.924424883025    
198.5               794.390651183011    
199.0               793.814990368123    
199.5               793.21713422885     
200.0               792.606142888598    
200.5               791.995640431953    
201.0               791.394118026491    
201.5               790.812095617024    
202.0               790.245375659248    
202.5               789.699801223627    
203.0               789.165046240373    
203.5               788.639499678499    
204.0               788.11608522729     
204.5               787.590733024306    
205.0               787.058279001618    
205.5               786.506100548955    
206.0               785.934111000662    
206.5               785.332594486947    
207.0               784.708686028644    
207.5               784.053841883741    
208.0               783.376207397921    
208.5               782.688153538831    
209.0               782.004845939424    
209.5               781.347076801709    
210.0               780.713641167739    
210.5               780.118584317327    
211.0               779.545791998724    
211.5               779.004657870581    
212.0               778.489813961703    
212.5               777.993461936298    
213.0               777.522234106159    
213.5               777.073663808791    
214.0               776.640879761933    
214.5               776.229012263282    
215.0               775.833017614865    
215.5               775.445007462796    
216.0               775.064409520998    
216.5               774.689458373486    
217.0               774.319726301402    
217.5               773.961551982379    
218.0               773.619201679135    
218.5               773.301510674159    
219.0               773.00185558581     
219.5               772.727114990221    
220.0               772.472639342466    
220.5               772.237545267998    
221.0               772.023043613       
221.5               771.819627119173    
222.0               771.63204626303     
222.5               771.459130905077    
223.0               771.301494771529    
223.5               771.160932976501    
224.0               771.037848120088    
224.5               770.934432514421    
225.0               770.848071487014    
225.5               770.778833141366    
226.0               770.725036236561    
226.5               770.683252477126    
227.0               770.651237401922    
227.5               770.627332663841    
228.0               770.610672731806    
228.5               770.599260277893    
229.0               770.591151968765    
229.5               770.585935681227    
230.0               770.581991061492    
230.5               770.576467063477    
231.0               770.567430295014    
231.5               770.555568591354    
232.0               770.542625279123    
232.5               770.529852368054    
233.0               770.5176682523      
233.5               770.505662135968    
234.0               770.492881759805    
234.5               770.478746753751    
235.0               770.46313655885     
235.5               770.446038493726    
236.0               770.427468379447    
236.5               770.407378765053    
237.0               770.387010455481    
237.5               770.370784851445    
238.0               770.361634243025    
238.5               770.364492910505    
239.0               770.381961621519    
239.5               770.413510654439    
240.0               770.457782546419    
240.5               770.513825392748    
241.0               770.581802758621    
241.5               770.662201431305    
242.0               770.75646705743     
242.5               770.865930756855    
243.0               770.991867707642    
243.5               771.135459832105    
244.0               771.29615452547     
244.5               771.472814080209    
245.0               771.661387216378    
245.5               771.861369367252    
246.0               772.070920134228    
246.5               772.28847539815     
247.0               772.512031968146    
247.5               772.739916677412    
248.0               772.969136754973    
248.5               773.198407196313    
249.0               773.426020787892    
249.5               773.649992875055    
250.0               773.868897723651    
250.5               774.078796317796    
251.0               774.280001760677    
251.5               774.471019504051    
252.0               774.650722052712    
252.5               774.818532405933    
253.0               774.970377922819    
253.5               775.097073644446    
254.0               775.194551995718    
254.5               775.25029005383     
255.0               775.271363337303    
255.5               775.258719203513    
256.0               775.213376503977    
256.5               775.131675742325    
257.0               775.009653591525    
257.5               774.844149663578    
258.0               774.63352200398     
258.5               774.377979613189    
259.0               774.084997834472    
259.5               773.766169115513    
260.0               773.435491101029    
260.5               773.104111077462    
261.0               772.781783908892    
261.5               772.477393305746    
262.0               772.192601821767    
262.5               771.929169269159    
263.0               771.684118528007    
263.5               771.463496233933    
264.0               771.271320859502    
264.5               771.110114952791    
265.0               770.980764030184    
265.5               770.879984010904    
266.0               770.799325184578    
266.5               770.73210691457     
267.0               770.675993192229    
267.5               770.629113545203    
268.0               770.58930598895     
268.5               770.557550887425    
269.0               770.532783307037    
269.5               770.514686251355    
270.0               770.500787451962    
270.5               770.487018          
271.0               770.471729738863    
271.5               770.455769724409    
272.0               770.440754876134    
272.5               770.42622436653     
273.0               770.410366621048    
273.5               770.393744739553    
274.0               770.377071637228    
274.5               770.359995366213    
275.0               770.341715186836    
275.5               770.322037112119    
276.0               770.302819794709    
276.5               770.286139472548    
277.0               770.270037878627    
277.5               770.254212731659    
278.0               770.238416503864    
278.5               770.222085157874    
279.0               770.204183814231    
279.5               770.184208710727    
280.0               770.161445044519    
280.5               770.13574158159     
281.0               770.107350412834    
281.5               770.076414180299    
282.0               770.042803173794    
282.5               770.006228346086    
283.0               769.965923554021    
283.5               769.921442926676    
284.0               769.871247556236    
284.5               769.817239910862    
285.0               769.760894984386    
285.5               769.703575160599    
286.0               769.646143642331    
286.5               769.58914570058     
287.0               769.532681328037    
287.5               769.476660840449    
288.0               769.421499442159    
288.5               769.368051234495    
289.0               769.31733555063     
289.5               769.270490114714    
290.0               769.228177347993    
290.5               769.191030401579    
291.0               769.159003901303    
291.5               769.131708979205    
292.0               769.108402723159    
292.5               769.088429213523    
293.0               769.071453667616    
293.5               769.05686355633     
294.0               769.044190778064    
294.5               769.032754165478    
295.0               769.020790610263    
295.5               769.004354869248    
296.0               768.981605635228    
296.5               768.951456943838    
297.0               768.913223029581    
297.5               768.867185760826    
298.0               768.813479491256    
298.5               768.752098274354    
299.0               768.683850851233    
299.5               768.61082413848     
300.0               768.535858280255    
300.5               768.461813403942    
301.0               768.391055484205    
301.5               768.324525478011    
302.0               768.263921749701    
302.5               768.206811028298    
303.0               768.151155020831    
303.5               768.095312885654    
304.0               768.038904579178    
304.5               767.982500098923    
305.0               767.927382255915    
305.5               767.874902696114    
306.0               767.82575002075     
306.5               767.779596518078    
307.0               767.735081949711    
307.5               767.69054119537     
308.0               767.64470356587     
308.5               767.597202314445    
309.0               767.548599612883    
309.5               767.499967825237    
310.0               767.452174770274    
310.5               767.405689509067    
311.0               767.3604600686      
311.5               767.316051373988    
312.0               767.271764979366    
312.5               767.227030804346    
313.0               767.181767150259    
313.5               767.136644550273    
314.0               767.092657192256    
314.5               767.050524954885    
315.0               767.010572598308    
315.5               766.972500180334    
316.0               766.935312115423    
316.5               766.897960807004    
317.0               766.858831417545    
317.5               766.817715155381    
318.0               766.774484688968    
318.5               766.729678104296    
319.0               766.683939136691    
319.5               766.637794614186    
320.0               766.591491058353    
320.5               766.544972399601    
321.0               766.498134599153    
321.5               766.451241366061    
322.0               766.404689216474    
322.5               766.359238861802    
323.0               766.315417454545    
323.5               766.273539280576    
324.0               766.233494841159    
324.5               766.194487555449    
325.0               766.155602615698    
325.5               766.115928129496    
326.0               766.074991152847    
326.5               766.033127553957    
327.0               765.990864211788    
327.5               765.94850437806     
328.0               765.905256592067    
328.5               765.859145060544    
329.0               765.807826017105    
329.5               765.749620883117    
330.0               765.684295139888    
330.5               765.613201926074    
331.0               765.539153608313    
331.5               765.465452712088    
332.0               765.394453992006    
332.5               765.328850519481    
333.0               765.268140160272    
333.5               765.211741957642    
334.0               765.158530364436    
334.5               765.107488252998    
335.0               765.058228951049    
335.5               765.011124835165    
336.0               764.967209062937    
336.5               764.927420916757    
337.0               764.891841301654    
337.5               764.858816856995    
338.0               764.826040943132    
338.5               764.791847657143    
339.0               764.755616342857    
339.5               764.718017285914    
340.0               764.680893699856    
340.5               764.646086797203    
341.0               764.614972149622    
341.5               764.587139483757    
342.0               764.562090338462    
342.5               764.538973601838    
343.0               764.516966012586    
343.5               764.495447332667    
344.0               764.473756706757    
344.5               764.450672942305    
345.0               764.423932015984    
345.5               764.391145727073    
346.0               764.349655376748    
346.5               764.297656779221    
347.0               764.235180599401    
347.5               764.164740606521    
348.0               764.09051949183     
348.5               764.01818374523     
349.0               763.953276907093    
349.5               763.900617606837    
350.0               763.863208349074    
350.5               763.838349235993    
351.0               763.819467984701    
351.5               763.802680997441    
352.0               763.786199413534    
352.5               763.768368970699    
353.0               763.750697147037    
353.5               763.732947099082    
354.0               763.712006303071    
354.5               763.685202463606    
355.0               763.650533739309    
355.5               763.607053121581    
356.0               763.554580195378    
356.5               763.494169369483    
357.0               763.428820275862    
357.5               763.361946944367    
358.0               763.297079589611    
358.5               763.237489075975    
359.0               763.18524287271     
359.5               763.140792033381    
360.0               763.04144           
