TEMPORAL
valve
direction  0 0 -1
min_lift  2e-4
CYCLIC              720.0
crank               lift                
0.0                 0.0                 
1.0                 0.0                 
2.0                 0.0                 
3.0                 0.0                 
4.0                 0.0                 
5.0                 0.0                 
6.0                 0.0                 
7.0                 0.0                 
8.0                 0.0                 
9.0                 0.0                 
10.0                0.0                 
11.0                0.0                 
12.0                0.0                 
13.0                0.0                 
14.0                0.0                 
15.0                0.0                 
16.0                0.0                 
17.0                0.0                 
18.0                0.0                 
19.0                0.0                 
20.0                0.0                 
21.0                0.0                 
22.0                0.0                 
23.0                0.0                 
24.0                0.0                 
25.0                0.0                 
26.0                0.0                 
27.0                0.0                 
28.0                0.0                 
29.0                0.0                 
30.0                0.0                 
31.0                0.0                 
32.0                0.0                 
33.0                0.0                 
34.0                0.0                 
35.0                0.0                 
36.0                0.0                 
37.0                0.0                 
38.0                0.0                 
39.0                0.0                 
40.0                0.0                 
41.0                0.0                 
42.0                0.0                 
43.0                0.0                 
44.0                0.0                 
45.0                0.0                 
46.0                0.0                 
47.0                0.0                 
48.0                0.0                 
49.0                0.0                 
50.0                0.0                 
51.0                0.0                 
52.0                0.0                 
53.0                0.0                 
54.0                0.0                 
55.0                0.0                 
56.0                0.0                 
57.0                0.0                 
58.0                0.0                 
59.0                0.0                 
60.0                0.0                 
61.0                0.0                 
62.0                0.0                 
63.0                0.0                 
64.0                0.0                 
65.0                0.0                 
66.0                0.0                 
67.0                0.0                 
68.0                0.0                 
69.0                0.0                 
70.0                0.0                 
71.0                0.0                 
72.0                0.0                 
73.0                0.0                 
74.0                0.0                 
75.0                0.0                 
76.0                0.0                 
77.0                0.0                 
78.0                0.0                 
79.0                0.0                 
80.0                0.0                 
81.0                0.0                 
82.0                0.0                 
83.0                0.0                 
84.0                0.0                 
85.0                0.0                 
86.0                0.0                 
87.0                0.0                 
88.0                0.0                 
89.0                0.0                 
90.0                0.0                 
91.0                0.0                 
92.0                0.0                 
93.0                0.0                 
94.0                0.0                 
95.0                0.0                 
96.0                0.0                 
97.0                0.0                 
98.0                0.0                 
99.0                0.0                 
100.0               0.0                 
101.0               0.0                 
102.0               0.0                 
103.0               0.0                 
104.0               0.0                 
105.0               0.0                 
106.0               0.0                 
107.0               0.0                 
108.0               0.0                 
109.0               0.0                 
110.0               0.0                 
111.0               0.0                 
112.0               0.0                 
113.0               0.0                 
114.0               0.0                 
115.0               0.0                 
116.0               0.0                 
117.0               0.0                 
118.0               0.0                 
119.0               0.0                 
120.0               0.0                 
121.0               0.0                 
122.0               0.0                 
123.0               0.0                 
124.0               0.0                 
125.0               0.0                 
126.0               0.0                 
127.0               5.58214e-07         
128.0               2.23286e-06         
129.0               5.02393e-06         
130.0               8.93142e-06         
131.0               1.39554e-05         
132.0               2.00957e-05         
133.0               2.73525e-05         
134.0               3.57257e-05         
135.0               4.52153e-05         
136.0               5.56525e-05         
137.0               6.62028e-05         
138.0               7.6753e-05          
139.0               8.73033e-05         
140.0               9.78535e-05         
141.0               0.000108468         
142.0               0.000119652         
143.0               0.000132106         
144.0               0.00014653          
145.0               0.000163606         
146.0               0.000183983         
147.0               0.000208258         
148.0               0.000236964         
149.0               0.000270549         
150.0               0.000309363         
151.0               0.000353637         
152.0               0.000403476         
153.0               0.000458891         
154.0               0.000519884         
155.0               0.000586453         
156.0               0.000658599         
157.0               0.000736318         
158.0               0.000819557         
159.0               0.000908187         
160.0               0.001002009         
161.0               0.001100761         
162.0               0.001204131         
163.0               0.001311762         
164.0               0.001423262         
165.0               0.001538219         
166.0               0.0016562           
167.0               0.00177677          
168.0               0.001899495         
169.0               0.002023954         
170.0               0.002149746         
171.0               0.002276504         
172.0               0.002403896         
173.0               0.002531644         
174.0               0.002659525         
175.0               0.00278738          
176.0               0.002915078         
177.0               0.003042502         
178.0               0.003169542         
179.0               0.003296098         
180.0               0.003422077         
181.0               0.003547393         
182.0               0.003671969         
183.0               0.003795735         
184.0               0.003918626         
185.0               0.004040585         
186.0               0.004161559         
187.0               0.004281502         
188.0               0.004400372         
189.0               0.004518133         
190.0               0.004634751         
191.0               0.004750198         
192.0               0.004864449         
193.0               0.00497748          
194.0               0.005089273         
195.0               0.00519981          
196.0               0.005309074         
197.0               0.005417053         
198.0               0.005523734         
199.0               0.005629103         
200.0               0.00573315          
201.0               0.005835861         
202.0               0.005937226         
203.0               0.00603723          
204.0               0.006135859         
205.0               0.006233096         
206.0               0.006328924         
207.0               0.006423321         
208.0               0.006516265         
209.0               0.006607728         
210.0               0.006697681         
211.0               0.006786088         
212.0               0.006872912         
213.0               0.006958108         
214.0               0.007041629         
215.0               0.007123419         
216.0               0.007203424         
217.0               0.007281589         
218.0               0.007357865         
219.0               0.007432207         
220.0               0.007504573         
221.0               0.007574924         
222.0               0.007643223         
223.0               0.00770944          
224.0               0.007773545         
225.0               0.00783551          
226.0               0.007895314         
227.0               0.007952934         
228.0               0.008008351         
229.0               0.008061551         
230.0               0.008112519         
231.0               0.008161242         
232.0               0.008207711         
233.0               0.008251918         
234.0               0.008293856         
235.0               0.008333519         
236.0               0.008370906         
237.0               0.008406013         
238.0               0.00843884          
239.0               0.008469386         
240.0               0.008497653         
241.0               0.008523642         
242.0               0.008547355         
243.0               0.008568794         
244.0               0.008587964         
245.0               0.008604868         
246.0               0.008619509         
247.0               0.008631889         
248.0               0.008642014         
249.0               0.008649884         
250.0               0.008655505         
251.0               0.008658876         
252.0               0.00866             
253.0               0.008658876         
254.0               0.008655509         
255.0               0.008649904         
256.0               0.008642076         
257.0               0.008632037         
258.0               0.00861981          
259.0               0.008605416         
260.0               0.008588883         
261.0               0.00857024          
262.0               0.008549517         
263.0               0.008526748         
264.0               0.008501967         
265.0               0.008475212         
266.0               0.008446519         
267.0               0.008415926         
268.0               0.008383471         
269.0               0.008349192         
270.0               0.008313126         
271.0               0.008275309         
272.0               0.008235776         
273.0               0.008194562         
274.0               0.008151698         
275.0               0.008107213         
276.0               0.008061134         
277.0               0.008013486         
278.0               0.007964287         
279.0               0.007913555         
280.0               0.007861302         
281.0               0.007807537         
282.0               0.007752262         
283.0               0.007695477         
284.0               0.007637173         
285.0               0.007577338         
286.0               0.007515952         
287.0               0.007452989         
288.0               0.007388416         
289.0               0.007322194         
290.0               0.007254273         
291.0               0.0071846           
292.0               0.007113118         
293.0               0.007039773         
294.0               0.006964512         
295.0               0.006887289         
296.0               0.006808056         
297.0               0.006726773         
298.0               0.0066434           
299.0               0.006557902         
300.0               0.006470249         
301.0               0.006380414         
302.0               0.006288373         
303.0               0.006194111         
304.0               0.006097612         
305.0               0.005998869         
306.0               0.005897879         
307.0               0.005794644         
308.0               0.005689172         
309.0               0.005581477         
310.0               0.005471578         
311.0               0.005359501         
312.0               0.005245278         
313.0               0.005128949         
314.0               0.005010559         
315.0               0.004890161         
316.0               0.004767814         
317.0               0.004643586         
318.0               0.004517552         
319.0               0.004389795         
320.0               0.004260406         
321.0               0.004129483         
322.0               0.003997134         
323.0               0.003863477         
324.0               0.003728636         
325.0               0.003592744         
326.0               0.003455946         
327.0               0.003318395         
328.0               0.003180254         
329.0               0.003041694         
330.0               0.002902898         
331.0               0.002764062         
332.0               0.002625406         
333.0               0.002487205         
334.0               0.002349782         
335.0               0.002213501         
336.0               0.002078755         
337.0               0.001945964         
338.0               0.001815563         
339.0               0.00168799          
340.0               0.001563686         
341.0               0.001443079         
342.0               0.001326579         
343.0               0.001214571         
344.0               0.001107403         
345.0               0.00100538          
346.0               0.000908755         
347.0               0.000817721         
348.0               0.000732403         
349.0               0.000652849         
350.0               0.000579065         
351.0               0.000511051         
352.0               0.000448806         
353.0               0.000392331         
354.0               0.00034162          
355.0               0.000296625         
356.0               0.000257224         
357.0               0.000223216         
358.0               0.000194307         
359.0               0.000170103         
360.0               0.000150104         
361.0               0.000133691         
362.0               0.000120121         
363.0               0.000108515         
364.0               9.78535e-05         
365.0               8.73033e-05         
366.0               7.67531e-05         
367.0               6.62028e-05         
368.0               5.56526e-05         
369.0               4.52153e-05         
370.0               3.57257e-05         
371.0               2.73525e-05         
372.0               2.00957e-05         
373.0               1.39554e-05         
374.0               8.93143e-06         
375.0               5.02393e-06         
376.0               2.23286e-06         
377.0               5.58214e-07         
378.0               0.0                 
379.0               0.0                 
380.0               0.0                 
381.0               0.0                 
382.0               0.0                 
383.0               0.0                 
384.0               0.0                 
385.0               0.0                 
386.0               0.0                 
387.0               0.0                 
388.0               0.0                 
389.0               0.0                 
390.0               0.0                 
391.0               0.0                 
392.0               0.0                 
393.0               0.0                 
394.0               0.0                 
395.0               0.0                 
396.0               0.0                 
397.0               0.0                 
398.0               0.0                 
399.0               0.0                 
400.0               0.0                 
401.0               0.0                 
402.0               0.0                 
403.0               0.0                 
404.0               0.0                 
405.0               0.0                 
406.0               0.0                 
407.0               0.0                 
408.0               0.0                 
409.0               0.0                 
410.0               0.0                 
411.0               0.0                 
412.0               0.0                 
413.0               0.0                 
414.0               0.0                 
415.0               0.0                 
416.0               0.0                 
417.0               0.0                 
418.0               0.0                 
419.0               0.0                 
420.0               0.0                 
421.0               0.0                 
422.0               0.0                 
423.0               0.0                 
424.0               0.0                 
425.0               0.0                 
426.0               0.0                 
427.0               0.0                 
428.0               0.0                 
429.0               0.0                 
430.0               0.0                 
431.0               0.0                 
432.0               0.0                 
433.0               0.0                 
434.0               0.0                 
435.0               0.0                 
436.0               0.0                 
437.0               0.0                 
438.0               0.0                 
439.0               0.0                 
440.0               0.0                 
441.0               0.0                 
442.0               0.0                 
443.0               0.0                 
444.0               0.0                 
445.0               0.0                 
446.0               0.0                 
447.0               0.0                 
448.0               0.0                 
449.0               0.0                 
450.0               0.0                 
451.0               0.0                 
452.0               0.0                 
453.0               0.0                 
454.0               0.0                 
455.0               0.0                 
456.0               0.0                 
457.0               0.0                 
458.0               0.0                 
459.0               0.0                 
460.0               0.0                 
461.0               0.0                 
462.0               0.0                 
463.0               0.0                 
464.0               0.0                 
465.0               0.0                 
466.0               0.0                 
467.0               0.0                 
468.0               0.0                 
469.0               0.0                 
470.0               0.0                 
471.0               0.0                 
472.0               0.0                 
473.0               0.0                 
474.0               0.0                 
475.0               0.0                 
476.0               0.0                 
477.0               0.0                 
478.0               0.0                 
479.0               0.0                 
480.0               0.0                 
481.0               0.0                 
482.0               0.0                 
483.0               0.0                 
484.0               0.0                 
485.0               0.0                 
486.0               0.0                 
487.0               0.0                 
488.0               0.0                 
489.0               0.0                 
490.0               0.0                 
491.0               0.0                 
492.0               0.0                 
493.0               0.0                 
494.0               0.0                 
495.0               0.0                 
496.0               0.0                 
497.0               0.0                 
498.0               0.0                 
499.0               0.0                 
500.0               0.0                 
501.0               0.0                 
502.0               0.0                 
503.0               0.0                 
504.0               0.0                 
505.0               0.0                 
506.0               0.0                 
507.0               0.0                 
508.0               0.0                 
509.0               0.0                 
510.0               0.0                 
511.0               0.0                 
512.0               0.0                 
513.0               0.0                 
514.0               0.0                 
515.0               0.0                 
516.0               0.0                 
517.0               0.0                 
518.0               0.0                 
519.0               0.0                 
520.0               0.0                 
521.0               0.0                 
522.0               0.0                 
523.0               0.0                 
524.0               0.0                 
525.0               0.0                 
526.0               0.0                 
527.0               0.0                 
528.0               0.0                 
529.0               0.0                 
530.0               0.0                 
531.0               0.0                 
532.0               0.0                 
533.0               0.0                 
534.0               0.0                 
535.0               0.0                 
536.0               0.0                 
537.0               0.0                 
538.0               0.0                 
539.0               0.0                 
540.0               0.0                 
541.0               0.0                 
542.0               0.0                 
543.0               0.0                 
544.0               0.0                 
545.0               0.0                 
546.0               0.0                 
547.0               0.0                 
548.0               0.0                 
549.0               0.0                 
550.0               0.0                 
551.0               0.0                 
552.0               0.0                 
553.0               0.0                 
554.0               0.0                 
555.0               0.0                 
556.0               0.0                 
557.0               0.0                 
558.0               0.0                 
559.0               0.0                 
560.0               0.0                 
561.0               0.0                 
562.0               0.0                 
563.0               0.0                 
564.0               0.0                 
565.0               0.0                 
566.0               0.0                 
567.0               0.0                 
568.0               0.0                 
569.0               0.0                 
570.0               0.0                 
571.0               0.0                 
572.0               0.0                 
573.0               0.0                 
574.0               0.0                 
575.0               0.0                 
576.0               0.0                 
577.0               0.0                 
578.0               0.0                 
579.0               0.0                 
580.0               0.0                 
581.0               0.0                 
582.0               0.0                 
583.0               0.0                 
584.0               0.0                 
585.0               0.0                 
586.0               0.0                 
587.0               0.0                 
588.0               0.0                 
589.0               0.0                 
590.0               0.0                 
591.0               0.0                 
592.0               0.0                 
593.0               0.0                 
594.0               0.0                 
595.0               0.0                 
596.0               0.0                 
597.0               0.0                 
598.0               0.0                 
599.0               0.0                 
600.0               0.0                 
601.0               0.0                 
602.0               0.0                 
603.0               0.0                 
604.0               0.0                 
605.0               0.0                 
606.0               0.0                 
607.0               0.0                 
608.0               0.0                 
609.0               0.0                 
610.0               0.0                 
611.0               0.0                 
612.0               0.0                 
613.0               0.0                 
614.0               0.0                 
615.0               0.0                 
616.0               0.0                 
617.0               0.0                 
618.0               0.0                 
619.0               0.0                 
620.0               0.0                 
621.0               0.0                 
622.0               0.0                 
623.0               0.0                 
624.0               0.0                 
625.0               0.0                 
626.0               0.0                 
627.0               0.0                 
628.0               0.0                 
629.0               0.0                 
630.0               0.0                 
631.0               0.0                 
632.0               0.0                 
633.0               0.0                 
634.0               0.0                 
635.0               0.0                 
636.0               0.0                 
637.0               0.0                 
638.0               0.0                 
639.0               0.0                 
640.0               0.0                 
641.0               0.0                 
642.0               0.0                 
643.0               0.0                 
644.0               0.0                 
645.0               0.0                 
646.0               0.0                 
647.0               0.0                 
648.0               0.0                 
649.0               0.0                 
650.0               0.0                 
651.0               0.0                 
652.0               0.0                 
653.0               0.0                 
654.0               0.0                 
655.0               0.0                 
656.0               0.0                 
657.0               0.0                 
658.0               0.0                 
659.0               0.0                 
660.0               0.0                 
661.0               0.0                 
662.0               0.0                 
663.0               0.0                 
664.0               0.0                 
665.0               0.0                 
666.0               0.0                 
667.0               0.0                 
668.0               0.0                 
669.0               0.0                 
670.0               0.0                 
671.0               0.0                 
672.0               0.0                 
673.0               0.0                 
674.0               0.0                 
675.0               0.0                 
676.0               0.0                 
677.0               0.0                 
678.0               0.0                 
679.0               0.0                 
680.0               0.0                 
681.0               0.0                 
682.0               0.0                 
683.0               0.0                 
684.0               0.0                 
685.0               0.0                 
686.0               0.0                 
687.0               0.0                 
688.0               0.0                 
689.0               0.0                 
690.0               0.0                 
691.0               0.0                 
692.0               0.0                 
693.0               0.0                 
694.0               0.0                 
695.0               0.0                 
696.0               0.0                 
697.0               0.0                 
698.0               0.0                 
699.0               0.0                 
700.0               0.0                 
701.0               0.0                 
702.0               0.0                 
703.0               0.0                 
704.0               0.0                 
705.0               0.0                 
706.0               0.0                 
707.0               0.0                 
708.0               0.0                 
709.0               0.0                 
710.0               0.0                 
711.0               0.0                 
712.0               0.0                 
713.0               0.0                 
714.0               0.0                 
715.0               0.0                 
716.0               0.0                 
717.0               0.0                 
718.0               0.0                 
719.0               0.0                 
720.0               0.0                 
