TEMPORAL
CYCLIC              720.0
crank               temperature         
-360.0              315.35437           
-359.5              315.368089460195    
-359.0              315.383592434414    
-358.5              315.40092806426     
-358.0              315.419608504602    
-357.5              315.439001681566    
-357.0              315.4585920378      
-356.5              315.477863332892    
-356.0              315.496650685693    
-355.5              315.514716379649    
-355.0              315.531801321086    
-354.5              315.547591111279    
-354.0              315.561928869486    
-353.5              315.573934142718    
-353.0              315.583753423643    
-352.5              315.591259017583    
-352.0              315.596636882129    
-351.5              315.600261799112    
-351.0              315.602713988586    
-350.5              315.604093533525    
-350.0              315.604897482425    
-349.5              315.605250161991    
-349.0              315.605216548893    
-348.5              315.604891532343    
-348.0              315.604496873149    
-347.5              315.604255291367    
-347.0              315.604394534881    
-346.5              315.6050504937      
-346.0              315.606062215961    
-345.5              315.607112780153    
-345.0              315.607647055762    
-344.5              315.607103083641    
-344.0              315.605010394884    
-343.5              315.601157301866    
-343.0              315.595540601071    
-342.5              315.588138067339    
-342.0              315.57882105789     
-341.5              315.56732506924     
-341.0              315.553290520657    
-340.5              315.536443254871    
-340.0              315.51668755877     
-339.5              315.494185687567    
-339.0              315.469447221645    
-338.5              315.442447374963    
-338.0              315.413822259521    
-337.5              315.383619079284    
-337.0              315.351876106886    
-336.5              315.318637072224    
-336.0              315.284227207337    
-335.5              315.249206036036    
-335.0              315.21428685351     
-334.5              315.18025486932     
-334.0              315.147503642902    
-333.5              315.116186361666    
-333.0              315.086083825707    
-332.5              315.056890548985    
-332.0              315.028474293819    
-331.5              315.000888673139    
-331.0              314.974578021495    
-330.5              314.949956372608    
-330.0              314.92748985973     
-329.5              314.907368587233    
-329.0              314.889392269096    
-328.5              314.87314120396     
-328.0              314.858018663436    
-327.5              314.843746340791    
-327.0              314.83006126753     
-326.5              314.817255426485    
-326.0              314.805626086417    
-325.5              314.795229214975    
-325.0              314.786376548881    
-324.5              314.778600665194    
-324.0              314.772106232087    
-323.5              314.767225366629    
-323.0              314.764329787938    
-322.5              314.765044780705    
-322.0              314.769011140179    
-321.5              314.776502723942    
-321.0              314.787368888848    
-320.5              314.801065014097    
-320.0              314.818298072047    
-319.5              314.838447604921    
-319.0              314.862007648369    
-318.5              314.889321579543    
-318.0              314.920055708804    
-317.5              314.954959772009    
-317.0              314.99281072174     
-316.5              315.032285362309    
-316.0              315.07207333562     
-315.5              315.111096983279    
-315.0              315.148608349256    
-314.5              315.184210908138    
-314.0              315.217500436642    
-313.5              315.248154511826    
-313.0              315.275780110703    
-312.5              315.29994445983     
-312.0              315.320532865314    
-311.5              315.337485255738    
-311.0              315.351267689653    
-310.5              315.362709108097    
-310.0              315.372849382475    
-309.5              315.38251503374     
-309.0              315.392297937983    
-308.5              315.402409378011    
-308.0              315.412907872778    
-307.5              315.423877738882    
-307.0              315.435609650038    
-306.5              315.448609296583    
-306.0              315.463415717247    
-305.5              315.480381520412    
-305.0              315.499457240908    
-304.5              315.520129648076    
-304.0              315.540963905726    
-303.5              315.560901135555    
-303.0              315.57860196373     
-302.5              315.593184304908    
-302.0              315.603535918861    
-301.5              315.610978792464    
-301.0              315.614290559154    
-300.5              315.612780510455    
-300.0              315.607130159011    
-299.5              315.595625328257    
-299.0              315.578485365511    
-298.5              315.556573907192    
-298.0              315.530621175958    
-297.5              315.503118547418    
-297.0              315.475449065942    
-296.5              315.448454506858    
-296.0              315.422946542679    
-295.5              315.398435488059    
-295.0              315.375466056595    
-294.5              315.353955781566    
-294.0              315.335761838545    
-293.5              315.320724220947    
-293.0              315.310931139173    
-292.5              315.304954778539    
-292.0              315.302033446264    
-291.5              315.300818505669    
-291.0              315.299366942704    
-290.5              315.296212182723    
-290.0              315.291096960698    
-289.5              315.28407620306     
-289.0              315.274622163258    
-288.5              315.262962269338    
-288.0              315.248881113486    
-287.5              315.230944612803    
-287.0              315.209639273881    
-286.5              315.18562304919     
-286.0              315.159317995363    
-285.5              315.132969167934    
-285.0              315.10764779774     
-284.5              315.0847965736      
-284.0              315.064632048606    
-283.5              315.047155188939    
-283.0              315.032552135856    
-282.5              315.021616098871    
-282.0              315.014988219096    
-281.5              315.012901975464    
-281.0              315.017314837847    
-280.5              315.026148779046    
-280.0              315.039048674964    
-279.5              315.054737166347    
-279.0              315.071213350892    
-278.5              315.087767350009    
-278.0              315.103828906326    
-277.5              315.119551003416    
-277.0              315.13492522998     
-276.5              315.149366814699    
-276.0              315.16257235525     
-275.5              315.17293149361     
-275.0              315.180699853362    
-274.5              315.184765127646    
-274.0              315.186673208182    
-273.5              315.187403395997    
-273.0              315.188301817145    
-272.5              315.190163478068    
-272.0              315.19390362605     
-271.5              315.198889213395    
-271.0              315.20533156332     
-270.5              315.212774391171    
-270.0              315.222249785792    
-269.5              315.233879389887    
-269.0              315.249774029617    
-268.5              315.269062636252    
-268.0              315.293027796216    
-267.5              315.319385210215    
-267.0              315.347505820289    
-266.5              315.375486241443    
-266.0              315.402064950224    
-265.5              315.427261089165    
-265.0              315.450176919425    
-264.5              315.471556613627    
-264.0              315.49039746211     
-263.5              315.506130369322    
-263.0              315.51911362429     
-262.5              315.52719146553     
-262.0              315.530648292949    
-261.5              315.531075200463    
-261.0              315.528065871964    
-260.5              315.523407251045    
-260.0              315.517837836339    
-259.5              315.511871870801    
-259.0              315.505460216606    
-258.5              315.498893604364    
-258.0              315.492979716675    
-257.5              315.488195622335    
-257.0              315.486094232271    
-256.5              315.487320259465    
-256.0              315.491909964542    
-255.5              315.499680829067    
-255.0              315.508526198438    
-254.5              315.51802894441     
-254.0              315.527134333224    
-253.5              315.535391036321    
-253.0              315.542751438362    
-252.5              315.549078840539    
-252.0              315.553864088761    
-251.5              315.55635674218     
-251.0              315.555914069233    
-250.5              315.550868217339    
-250.0              315.540897057806    
-249.5              315.526312605676    
-249.0              315.508236165502    
-248.5              315.4882820818      
-248.0              315.467744533309    
-247.5              315.447438605918    
-247.0              315.427536196409    
-246.5              315.407972403464    
-246.0              315.389003958696    
-245.5              315.371357945439    
-245.0              315.356152173473    
-244.5              315.345403591899    
-244.0              315.338811246759    
-243.5              315.336744219626    
-243.0              315.338325626685    
-242.5              315.342235625366    
-242.0              315.347164838219    
-241.5              315.35214911962     
-241.0              315.356745121234    
-240.5              315.360916712789    
-240.0              315.364743253164    
-239.5              315.36788345251     
-239.0              315.369777831683    
-238.5              315.369410991332    
-238.0              315.365849115546    
-237.5              315.358689298371    
-237.0              315.34833863553     
-236.5              315.33599790537     
-236.0              315.322811514258    
-235.5              315.31036481691     
-235.0              315.299288165666    
-234.5              315.289689899794    
-234.0              315.281446587979    
-233.5              315.274666571311    
-233.0              315.269866725714    
-232.5              315.26804971333     
-232.0              315.270124960502    
-231.5              315.276593343195    
-231.0              315.287091712286    
-230.5              315.300666501116    
-230.0              315.316029365628    
-229.5              315.332086341957    
-229.0              315.348112472171    
-228.5              315.363943414053    
-228.0              315.379621753963    
-227.5              315.395042389065    
-227.0              315.409649997396    
-226.5              315.422610944601    
-226.0              315.433034751399    
-225.5              315.440323576925    
-225.0              315.444335475568    
-224.5              315.445661717461    
-224.0              315.445264020824    
-223.5              315.444107298663    
-223.0              315.442889471554    
-222.5              315.441803730146    
-222.0              315.440712714006    
-221.5              315.439577368557    
-221.0              315.438761120811    
-220.5              315.439079697768    
-220.0              315.441516535782    
-219.5              315.446872069493    
-219.0              315.455502359299    
-218.5              315.467094058052    
-218.0              315.480792870547    
-217.5              315.495586209108    
-217.0              315.510612440647    
-216.5              315.525338874661    
-216.0              315.539550744599    
-215.5              315.553268980466    
-215.0              315.566205789214    
-214.5              315.577849258942    
-214.0              315.587459765613    
-213.5              315.594244218613    
-213.0              315.597661033334    
-212.5              315.597735691169    
-212.0              315.594895056983    
-211.5              315.589874274247    
-211.0              315.583267662348    
-210.5              315.575513707061    
-210.0              315.566921352291    
-209.5              315.55776034911     
-209.0              315.548521054542    
-208.5              315.539934452325    
-208.0              315.532866251742    
-207.5              315.528137622635    
-207.0              315.526240970028    
-206.5              315.527184564871    
-206.0              315.530539429666    
-205.5              315.53558537827     
-205.0              315.541568202489    
-204.5              315.547925244592    
-204.0              315.55437041517     
-203.5              315.560747303478    
-203.0              315.56687409965     
-202.5              315.572407273508    
-202.0              315.576671746375    
-201.5              315.578995692228    
-201.0              315.578695954294    
-200.5              315.575323500944    
-200.0              315.56894405002     
-199.5              315.560050428941    
-199.0              315.54941513311     
-198.5              315.537814085662    
-198.0              315.52588257109     
-197.5              315.513919010882    
-197.0              315.502148210978    
-196.5              315.490846260129    
-196.0              315.480423783049    
-195.5              315.471583993196    
-195.0              315.465136741972    
-194.5              315.461577702515    
-194.0              315.461074169922    
-193.5              315.463284359719    
-193.0              315.467465024293    
-192.5              315.472759674137    
-192.0              315.47838517334     
-191.5              315.483891162225    
-191.0              315.489079357326    
-190.5              315.493917255068    
-190.0              315.498414482322    
-189.5              315.502165314528    
-189.0              315.504729305446    
-188.5              315.50542622756     
-188.0              315.503727935969    
-187.5              315.499468608969    
-187.0              315.493018205619    
-186.5              315.48516770495     
-186.0              315.476790439165    
-185.5              315.468619727111    
-185.0              315.460952905805    
-184.5              315.45394640003     
-184.0              315.447579872692    
-183.5              315.442052501127    
-183.0              315.437815006979    
-182.5              315.43551705236     
-182.0              315.435727341526    
-181.5              315.438603636454    
-181.0              315.443796511431    
-180.5              315.450566843628    
-180.0              315.458040815979    
-179.5              315.465550294457    
-179.0              315.472699762342    
-178.5              315.479481415801    
-178.0              315.486016076069    
-177.5              315.492316048548    
-177.0              315.498055204019    
-176.5              315.50271345131     
-176.0              315.505689846248    
-175.5              315.506597624047    
-175.0              315.505398223005    
-174.5              315.502488259918    
-174.0              315.498466479036    
-173.5              315.49395622274     
-173.0              315.489372143524    
-172.5              315.484926466175    
-172.0              315.48061148408     
-171.5              315.476613581074    
-171.0              315.473210342316    
-170.5              315.47100354962     
-170.0              315.470521964616    
-169.5              315.47219400532     
-169.0              315.475896937743    
-168.5              315.481244480345    
-168.0              315.487646336172    
-167.5              315.494492467609    
-167.0              315.501383280038    
-166.5              315.508213615861    
-166.0              315.514960554935    
-165.5              315.521621468794    
-165.0              315.527986194413    
-164.5              315.533668852211    
-164.0              315.538167508111    
-163.5              315.54110191251     
-163.0              315.542311572264    
-162.5              315.541941437208    
-162.0              315.540408732935    
-161.5              315.538159415561    
-161.0              315.535553360383    
-160.5              315.532700976346    
-160.0              315.529586204517    
-159.5              315.526306995772    
-159.0              315.523137550159    
-158.5              315.520591641546    
-158.0              315.51930734334     
-157.5              315.519859630009    
-157.0              315.522291901561    
-156.5              315.526290908179    
-156.0              315.531263454813    
-155.5              315.536592391663    
-155.0              315.541768337885    
-154.5              315.546619903986    
-154.0              315.551250088522    
-153.5              315.555747574827    
-153.0              315.560014344075    
-152.5              315.563625423045    
-152.0              315.565920591962    
-151.5              315.566264609747    
-151.0              315.564155472708    
-150.5              315.559518758133    
-150.0              315.55266299299     
-149.5              315.544089639768    
-149.0              315.534427034459    
-148.5              315.523936708514    
-148.0              315.51272291404     
-147.5              315.500735926106    
-147.0              315.488012886352    
-146.5              315.474817446895    
-146.0              315.461731802192    
-145.5              315.449370174155    
-145.0              315.438136525145    
-144.5              315.428159942711    
-144.0              315.419157725761    
-143.5              315.410660610851    
-143.0              315.402122161662    
-142.5              315.393281114619    
-142.0              315.38408703578     
-141.5              315.374720057803    
-141.0              315.365231570758    
-140.5              315.355519288547    
-140.0              315.345231383181    
-139.5              315.333974778375    
-139.0              315.321523286528    
-138.5              315.307961899807    
-138.0              315.293773145554    
-137.5              315.279620249136    
-137.0              315.266048863476    
-136.5              315.253457147469    
-136.0              315.241923485036    
-135.5              315.231549330297    
-135.0              315.222408405722    
-134.5              315.214746152955    
-134.0              315.209037721016    
-133.5              315.205788027035    
-133.0              315.205304451845    
-132.5              315.207588912042    
-132.0              315.212148869585    
-131.5              315.218207837872    
-131.0              315.225070634328    
-130.5              315.232272012746    
-130.0              315.239683951736    
-129.5              315.247481430131    
-129.0              315.255892240625    
-128.5              315.264854942122    
-128.0              315.274096210281    
-127.5              315.282976606696    
-127.0              315.290969399384    
-126.5              315.297831193218    
-126.0              315.303781710624    
-125.5              315.309325373718    
-125.0              315.315072686154    
-124.5              315.321452005854    
-124.0              315.328995584281    
-123.5              315.337395201821    
-123.0              315.346394481954    
-122.5              315.355873724636    
-122.0              315.365899041222    
-121.5              315.376883092717    
-121.0              315.389146104529    
-120.5              315.403254448106    
-120.0              315.41903468804     
-119.5              315.436451261325    
-119.0              315.454583441631    
-118.5              315.472663144497    
-118.0              315.490120988942    
-117.5              315.506808304371    
-117.0              315.522726590363    
-116.5              315.538083341369    
-116.0              315.552948196927    
-115.5              315.567127196676    
-115.0              315.579916113647    
-114.5              315.591296506849    
-114.0              315.600906149823    
-113.5              315.608819506802    
-113.0              315.615372503807    
-112.5              315.621029989906    
-112.0              315.626301642858    
-111.5              315.631469979475    
-111.0              315.636503666188    
-110.5              315.641259416042    
-110.0              315.645621931899    
-109.5              315.649365432363    
-109.0              315.652882172662    
-108.5              315.656353065025    
-108.0              315.66003613932     
-107.5              315.663984323595    
-107.0              315.66792878757     
-106.5              315.671377146077    
-106.0              315.67373279005     
-105.5              315.674554791927    
-105.0              315.673484161579    
-104.5              315.670345664242    
-104.0              315.665148287783    
-103.5              315.657820291949    
-103.0              315.648350957158    
-102.5              315.636699608345    
-102.0              315.622781577843    
-101.5              315.60655779705     
-101.0              315.588126639996    
-100.5              315.567783872635    
-100.0              315.54590047176     
-99.5               315.52282433661     
-99.0               315.498711129206    
-98.5               315.473515797267    
-98.0               315.447199672907    
-97.5               315.419643131531    
-97.0               315.390855207592    
-96.5               315.361013191672    
-96.0               315.330455006394    
-95.5               315.299539388823    
-95.0               315.268697135921    
-94.5               315.238129217676    
-94.0               315.207903630152    
-93.5               315.177968037159    
-93.0               315.148238756119    
-92.5               315.118657331642    
-92.0               315.089364495186    
-91.5               315.060591855448    
-91.0               315.032646977506    
-90.5               315.005950536578    
-90.0               314.980850025171    
-89.5               314.957558169914    
-89.0               314.936169311619    
-88.5               314.916376805763    
-88.0               314.89853252757     
-87.5               314.882402465966    
-87.0               314.867828378791    
-86.5               314.854858546662    
-86.0               314.84350914223     
-85.5               314.833861610898    
-85.0               314.82595320942     
-84.5               314.81985944856     
-84.0               314.815747990687    
-83.5               314.813873998422    
-83.0               314.814621130565    
-82.5               314.818719604802    
-82.0               314.825316292063    
-81.5               314.834768225335    
-81.0               314.847025687819    
-80.5               314.862069393665    
-80.0               314.880002808806    
-79.5               314.9008674566      
-79.0               314.925607996602    
-78.5               314.953217907003    
-78.0               314.983868275136    
-77.5               315.016936727105    
-77.0               315.052367741465    
-76.5               315.088820578787    
-76.0               315.1255711723      
-75.5               315.161909283697    
-75.0               315.197418532364    
-74.5               315.230999240798    
-74.0               315.262324195       
-73.5               315.290913051213    
-73.0               315.316418174738    
-72.5               315.338870829086    
-72.0               315.3584762688      
-71.5               315.375629470688    
-71.0               315.39095441091     
-70.5               315.404832795999    
-70.0               315.417889759711    
-69.5               315.430663840648    
-69.0               315.443430084659    
-68.5               315.456409142918    
-68.0               315.469842690583    
-67.5               315.484000294783    
-67.0               315.499041143757    
-66.5               315.515282527352    
-66.0               315.532801821075    
-65.5               315.551505038525    
-65.0               315.571009060761    
-64.5               315.590596326792    
-64.0               315.609369530261    
-63.5               315.626372595528    
-63.0               315.640728185627    
-62.5               315.651821813198    
-62.0               315.659150950509    
-61.5               315.662384916665    
-61.0               315.661279813082    
-60.5               315.655537243188    
-60.0               315.64492084018     
-59.5               315.629456528342    
-59.0               315.60973437251     
-58.5               315.586853503248    
-58.0               315.562299240256    
-57.5               315.537438728349    
-57.0               315.513253087004    
-56.5               315.490515827567    
-56.0               315.46872051311     
-55.5               315.448383529572    
-55.0               315.429741199677    
-54.5               315.413664272523    
-54.0               315.400379567005    
-53.5               315.390244671267    
-53.0               315.383819291215    
-52.5               315.37977655409     
-52.0               315.376707258282    
-51.5               315.37328493568     
-51.0               315.368141262413    
-50.5               315.361305865427    
-50.0               315.351546055077    
-49.5               315.339817923396    
-49.0               315.325214467912    
-48.5               315.307613448531    
-48.0               315.28764766883     
-47.5               315.264188166915    
-47.0               315.23885618175     
-46.5               315.211981245229    
-46.0               315.18545186226     
-45.5               315.160143772833    
-45.0               315.137811894702    
-44.5               315.117968839351    
-44.0               315.102148779996    
-43.5               315.089126948224    
-43.0               315.079905467822    
-42.5               315.075337991031    
-42.0               315.074486640012    
-41.5               315.079367889035    
-41.0               315.087739730174    
-40.5               315.100123945548    
-40.0               315.114077702422    
-39.5               315.129017975076    
-39.0               315.143779977796    
-38.5               315.157875416296    
-38.0               315.171340465473    
-37.5               315.183700744747    
-37.0               315.195106506069    
-36.5               315.204229984846    
-36.0               315.211369147928    
-35.5               315.215090423273    
-35.0               315.216666739568    
-34.5               315.216124424564    
-34.0               315.215225888927    
-33.5               315.214848179216    
-33.0               315.216469083033    
-32.5               315.219799832036    
-32.0               315.225594266598    
-31.5               315.23355489619     
-31.0               315.243168954092    
-30.5               315.255426840274    
-30.0               315.271112487265    
-29.5               315.289632479443    
-29.0               315.312270803821    
-28.5               315.338683483391    
-28.0               315.366919564728    
-27.5               315.396407926089    
-27.0               315.425290700334    
-26.5               315.452924114743    
-26.0               315.478292823062    
-25.5               315.500737009275    
-25.0               315.521153458304    
-24.5               315.538542926395    
-24.0               315.552383017297    
-23.5               315.561845492886    
-23.0               315.567609217466    
-22.5               315.568887271097    
-22.0               315.566289112719    
-21.5               315.561481860635    
-21.0               315.555392743266    
-20.5               315.548793436927    
-20.0               315.542396946147    
-19.5               315.536693305128    
-19.0               315.531700032591    
-18.5               315.528752437767    
-18.0               315.528356331039    
-17.5               315.531067685867    
-17.0               315.537015586074    
-16.5               315.546067246971    
-16.0               315.556775888325    
-15.5               315.569105083992    
-15.0               315.581727201307    
-14.5               315.59393432659     
-14.0               315.605092171905    
-13.5               315.614697240927    
-13.0               315.622183508912    
-12.5               315.626782466405    
-12.0               315.627609079949    
-11.5               315.623780192998    
-11.0               315.614636486291    
-10.5               315.600183635467    
-10.0               315.581193184985    
-9.5                315.559110447828    
-9.0                315.535508615808    
-8.5                315.511754833102    
-8.0                315.488645805393    
-7.5                315.466635941856    
-7.0                315.446035535152    
-6.5                315.427449695506    
-6.0                315.411799786859    
-5.5                315.400142174642    
-5.0                315.393128538238    
-4.5                315.391273376483    
-4.0                315.394022971269    
-3.5                315.400140037271    
-3.0                315.408035839338    
-2.5                315.416254336691    
-2.0                315.423670275617    
-1.5                315.429955309543    
-1.0                315.435264763179    
-0.5                315.439350199163    
0.0                 315.44173105241     
0.5                 315.441419598211    
1.0                 315.437127478115    
1.5                 315.428160930882    
2.0                 315.413704733542    
2.5                 315.396333304662    
3.0                 315.377478300264    
3.5                 315.359036575874    
4.0                 315.342291019765    
4.5                 315.327784233063    
5.0                 315.315402207822    
5.5                 315.305584777289    
6.0                 315.298282961193    
6.5                 315.294615922386    
7.0                 315.295730875932    
7.5                 315.302183980195    
8.0                 315.313738971075    
8.5                 315.329104215658    
9.0                 315.347744880987    
9.5                 315.367629826198    
10.0                315.387615164436    
10.5                315.407237503824    
11.0                315.426309285906    
11.5                315.444589895381    
12.0                315.46148725165     
12.5                315.47616221378     
13.0                315.487551064848    
13.5                315.494299672734    
14.0                315.496363297667    
14.5                315.494114192523    
15.0                315.488868441287    
15.5                315.482256109452    
16.0                315.474986927069    
16.5                315.467709675726    
17.0                315.460822626619    
17.5                315.454814329502    
18.0                315.450351034483    
18.5                315.449228899554    
19.0                315.451641636134    
19.5                315.458351042747    
20.0                315.46931741887     
20.5                315.48398512404     
21.0                315.50149403519     
21.5                315.520951728164    
22.0                315.541552198634    
22.5                315.562925251247    
23.0                315.584381534282    
23.5                315.605253876636    
24.0                315.624522378378    
24.5                315.640979746835    
25.0                315.653570082487    
25.5                315.661453869698    
26.0                315.664352271967    
26.5                315.662578817146    
27.0                315.656787099467    
27.5                315.647670963022    
28.0                315.6357863024      
28.5                315.621684945187    
29.0                315.606028145703    
29.5                315.589886900882    
30.0                315.574586955479    
30.5                315.561550845048    
31.0                315.552065966088    
31.5                315.54697291768     
32.0                315.546384109611    
32.5                315.549927878716    
33.0                315.556885090432    
33.5                315.566388245687    
34.0                315.577796940318    
34.5                315.590633778835    
35.0                315.604480976151    
35.5                315.618916057498    
36.0                315.632969288046    
36.5                315.64539416721     
37.0                315.6548370661      
37.5                315.660185488024    
38.0                315.660806461988    
38.5                315.656516443218    
39.0                315.647533234842    
39.5                315.634468656434    
40.0                315.61808475657     
40.5                315.59923325265     
41.0                315.578859978053    
41.5                315.557766084387    
42.0                315.537130137388    
42.5                315.518163575602    
43.0                315.501933081291    
43.5                315.489555062741    
44.0                315.481696727248    
44.5                315.478608936484    
45.0                315.480277313531    
45.5                315.486090271104    
46.0                315.495195393493    
46.5                315.506602879861    
47.0                315.519456568445    
47.5                315.53299763526     
48.0                315.546555351901    
48.5                315.559426852013    
49.0                315.570802779472    
49.5                315.57978493516     
50.0                315.58478962144     
50.5                315.586181638788    
51.0                315.583141355814    
51.5                315.575575380787    
52.0                315.563900049765    
52.5                315.54894443973     
53.0                315.531903579142    
53.5                315.51379327298     
54.0                315.496036266052    
54.5                315.479506307722    
55.0                315.465008422676    
55.5                315.453354410642    
56.0                315.445241352717    
56.5                315.441291218572    
57.0                315.441357760293    
57.5                315.446786359271    
58.0                315.456385582369    
58.5                315.469218033495    
59.0                315.484142505067    
59.5                315.500156311501    
60.0                315.516555974111    
60.5                315.532684848251    
61.0                315.547909171472    
61.5                315.561563424787    
62.0                315.572838159363    
62.5                315.580764007289    
63.0                315.584632056028    
63.5                315.584017750815    
64.0                315.579029816239    
64.5                315.570096939823    
65.0                315.557968188462    
65.5                315.543560417039    
66.0                315.528326726282    
66.5                315.513085392703    
67.0                315.498831196073    
67.5                315.486471710667    
68.0                315.476859454992    
68.5                315.470770729368    
69.0                315.468785921758    
69.5                315.470864909091    
70.0                315.477687266448    
70.5                315.487802900695    
71.0                315.5007005205      
71.5                315.515588322722    
72.0                315.531753498476    
72.5                315.548582373173    
73.0                315.565409711471    
73.5                315.581387082266    
74.0                315.595833121662    
74.5                315.607319452521    
75.0                315.61515174638     
75.5                315.618732959687    
76.0                315.618156594379    
76.5                315.613547824232    
77.0                315.6054406158      
77.5                315.594343882811    
78.0                315.581046936158    
78.5                315.56635946769     
79.0                315.55137267394     
79.5                315.537429767795    
80.0                315.525371789917    
80.5                315.516306552372    
81.0                315.511006767509    
81.5                315.509906557967    
82.0                315.513087741278    
82.5                315.520107680794    
83.0                315.530365051254    
83.5                315.543164156576    
84.0                315.557866008872    
84.5                315.573847562696    
85.0                315.590429916878    
85.5                315.606770622252    
86.0                315.62180191915     
86.5                315.634404823163    
87.0                315.643556157212    
87.5                315.648918026615    
88.0                315.649039978419    
88.5                315.644541627368    
89.0                315.635359525646    
89.5                315.621854935459    
90.0                315.604496780227    
90.5                315.584032736937    
91.0                315.561529268059    
91.5                315.538284989809    
92.0                315.515504455101    
92.5                315.494339649522    
93.0                315.475573394945    
93.5                315.459995145563    
94.0                315.447900490159    
94.5                315.439483431312    
95.0                315.434649352647    
95.5                315.433332570435    
96.0                315.434643307892    
96.5                315.437994483255    
97.0                315.442339434754    
97.5                315.446474643371    
98.0                315.449218310056    
98.5                315.449549049931    
99.0                315.446731555476    
99.5                315.440217476174    
100.0               315.429732286222    
100.5               315.415224325701    
101.0               315.39690080601     
101.5               315.375248215456    
102.0               315.351029911292    
102.5               315.325279955249    
103.0               315.299200601375    
103.5               315.273787466336    
104.0               315.25053675018     
104.5               315.230214798609    
105.0               315.213931216861    
105.5               315.202411427316    
106.0               315.196198370992    
106.5               315.195524545055    
107.0               315.20020108918     
107.5               315.20955056741     
108.0               315.222580883428    
108.5               315.238156142012    
109.0               315.255335598042    
109.5               315.273398595691    
110.0               315.291750544299    
110.5               315.309780753597    
111.0               315.326757956825    
111.5               315.341778133602    
112.0               315.35375273181     
112.5               315.361916703683    
113.0               315.36612091218     
113.5               315.367220603565    
114.0               315.365647744697    
114.5               315.362359701175    
115.0               315.358234081497    
115.5               315.354040255998    
116.0               315.350493498183    
116.5               315.348574034338    
117.0               315.34962460596     
117.5               315.355069644551    
118.0               315.368271948417    
118.5               315.388654192117    
119.0               315.417758218907    
119.5               315.455508745692    
120.0               315.503814396159    
120.5               315.559675437255    
121.0               315.626068794396    
121.5               315.701009298489    
122.0               315.78455991423     
122.5               315.876453516815    
123.0               315.97520350523     
123.5               316.082579286459    
124.0               316.195600934893    
124.5               316.313888210061    
125.0               316.436682777407    
125.5               316.563289205097    
126.0               316.694086711875    
126.5               316.829858384762    
127.0               316.972173992685    
127.5               317.122394961902    
128.0               317.281225680108    
128.5               317.448926186667    
129.0               317.6257253344      
129.5               317.810446784       
130.0               318.00372904341     
130.5               318.205824428711    
131.0               318.416616424589    
131.5               318.634907189817    
132.0               318.858440016786    
132.5               319.083743155686    
133.0               319.307466487091    
133.5               319.525396245928    
134.0               319.735473349321    
134.5               319.934130460376    
135.0               320.117237223188    
135.5               320.279079711842    
136.0               320.41205138689     
136.5               320.505707905202    
137.0               320.54435504736     
137.5               320.502750624625    
138.0               320.411132162097    
138.5               320.308622137405    
139.0               320.209548907718    
139.5               320.1196954346      
140.0               320.041908930983    
140.5               319.976970531111    
141.0               319.925252123247    
141.5               319.885748210411    
142.0               319.858484192627    
142.5               319.841905064733    
143.0               319.835374446531    
143.5               319.836827720679    
144.0               319.842444248152    
144.5               319.846351326274    
145.0               319.84187991489     
145.5               319.822386919988    
146.0               319.784216339154    
146.5               319.726375254021    
147.0               319.650645741884    
147.5               319.559587183099    
148.0               319.455943961005    
148.5               319.341511928647    
149.0               319.218124480582    
149.5               319.090332686084    
150.0               318.970807659914    
150.5               318.868840304968    
151.0               318.790070096555    
151.5               318.736491138705    
152.0               318.707374648027    
152.5               318.699042052874    
153.0               318.705186311138    
153.5               318.722721367567    
154.0               318.742951030476    
154.5               318.760730413365    
155.0               318.771266426218    
155.5               318.770593950892    
156.0               318.756223818196    
156.5               318.728650626874    
157.0               318.684688956185    
157.5               318.624179077311    
158.0               318.546003922616    
158.5               318.448809312173    
159.0               318.336770232898    
159.5               318.21303320465     
160.0               318.084368292754    
160.5               317.9566341427      
161.0               317.834860813429    
161.5               317.721648135247    
162.0               317.620904236464    
162.5               317.535212386173    
163.0               317.467068923065    
163.5               317.41983903076     
164.0               317.387670661692    
164.5               317.372110310299    
165.0               317.370441117076    
165.5               317.377347700274    
166.0               317.386267128713    
166.5               317.390681342675    
167.0               317.388318720224    
167.5               317.377227430062    
168.0               317.356670676646    
168.5               317.32655092928     
169.0               317.287047101604    
169.5               317.239387656394    
170.0               317.182129016967    
170.5               317.118311667376    
171.0               317.049515120585    
171.5               316.977950875132    
172.0               316.905952639253    
172.5               316.83544000238     
173.0               316.767546145011    
173.5               316.702626098503    
174.0               316.640621906924    
174.5               316.581292666667    
175.0               316.524315834671    
175.5               316.469278433895    
176.0               316.41579497846     
176.5               316.363170936459    
177.0               316.3103845         
177.5               316.255771722885    
178.0               316.197782441536    
178.5               316.136612174143    
179.0               316.072733578251    
179.5               316.006754095076    
180.0               315.93933000136     
180.5               315.871471414294    
181.0               315.803817925087    
181.5               315.736180371459    
182.0               315.668171122399    
182.5               315.59998639922     
183.0               315.531707709591    
183.5               315.463225325667    
184.0               315.394455451756    
184.5               315.325057958544    
185.0               315.254796972658    
185.5               315.183875078261    
186.0               315.112088175212    
186.5               315.039894865218    
187.0               314.967301691834    
187.5               314.89456893882     
188.0               314.821944958425    
188.5               314.749768437505    
189.0               314.677636950636    
189.5               314.605493576768    
190.0               314.5338553923      
190.5               314.462861635796    
191.0               314.39283234818     
191.5               314.323824078326    
192.0               314.256374038078    
192.5               314.191066369339    
193.0               314.127999343068    
193.5               314.06771319302     
194.0               314.009097467242    
194.5               313.952859549163    
195.0               313.898318628438    
195.5               313.84653290832     
196.0               313.7971202105      
196.5               313.750404597628    
197.0               313.707042431851    
197.5               313.665839788639    
198.0               313.62740776781     
198.5               313.590808726353    
199.0               313.556630665217    
199.5               313.523784091792    
200.0               313.491830187156    
200.5               313.460377610649    
201.0               313.428984569324    
201.5               313.397760997601    
202.0               313.36685745438     
202.5               313.336783240603    
203.0               313.307600511345    
203.5               313.28043348822     
204.0               313.255609879192    
204.5               313.23536616396     
205.0               313.218563854865    
205.5               313.206751771132    
206.0               313.197875975641    
206.5               313.19217632678     
207.0               313.187812700927    
207.5               313.183979508003    
208.0               313.179582576465    
208.5               313.174108060115    
209.0               313.16775249732     
209.5               313.160008275194    
210.0               313.151449409698    
210.5               313.142140821409    
211.0               313.132655067377    
211.5               313.123764109602    
212.0               313.116040101345    
212.5               313.109397978556    
213.0               313.10446620613     
213.5               313.10106648059     
214.0               313.098739318851    
214.5               313.0980358821      
215.0               313.098974755393    
215.5               313.100876254075    
216.0               313.103714367721    
216.5               313.106792852328    
217.0               313.109690489452    
217.5               313.111907209831    
218.0               313.113113466334    
218.5               313.11278341627     
219.0               313.111250572447    
219.5               313.107758480327    
220.0               313.102372169591    
220.5               313.09515103976     
221.0               313.086078022861    
221.5               313.076180998752    
222.0               313.065497471723    
222.5               313.054503752759    
223.0               313.043573550088    
223.5               313.032869817232    
224.0               313.022308240695    
224.5               313.011614738269    
225.0               313.000644728225    
225.5               312.989105949213    
226.0               312.976768299236    
226.5               312.963496682548    
227.0               312.949172566609    
227.5               312.93378033071     
228.0               312.917346997071    
228.5               312.899983251179    
229.0               312.881894850923    
229.5               312.863391615982    
230.0               312.844786445998    
230.5               312.8263339038      
231.0               312.808167798801    
231.5               312.790306664389    
232.0               312.77257322662     
232.5               312.754780617407    
233.0               312.736720470336    
233.5               312.718304442688    
234.0               312.699513531231    
234.5               312.680487125625    
235.0               312.661330558225    
235.5               312.642149688163    
236.0               312.623080355731    
236.5               312.604132198549    
237.0               312.585303298533    
237.5               312.566620105741    
238.0               312.548059949687    
238.5               312.529745420034    
239.0               312.511793073971    
239.5               312.494243309712    
240.0               312.477088265252    
240.5               312.460311678981    
241.0               312.444029423266    
241.5               312.428303104004    
242.0               312.413345304773    
242.5               312.399365046143    
243.0               312.386381722537    
243.5               312.374291748877    
244.0               312.36296598772     
244.5               312.352113613775    
245.0               312.341566088143    
245.5               312.331315352769    
246.0               312.321458970917    
246.5               312.312101180039    
247.0               312.303320766022    
247.5               312.295444240746    
248.0               312.288251347923    
248.5               312.281878321733    
249.0               312.276327436792    
249.5               312.271563754813    
250.0               312.267487605281    
250.5               312.264191521257    
251.0               312.261386536323    
251.5               312.258978385603    
252.0               312.256851982695    
252.5               312.255035747088    
253.0               312.253462444817    
253.5               312.25224500973     
254.0               312.251503385839    
254.5               312.251433391314    
255.0               312.252077377408    
255.5               312.253364218148    
256.0               312.255126554946    
256.5               312.257180886145    
257.0               312.25930841709     
257.5               312.261366822677    
258.0               312.263322456982    
258.5               312.265156713967    
259.0               312.266911109392    
259.5               312.268638168661    
260.0               312.270341710268    
260.5               312.272082878213    
261.0               312.273766172805    
261.5               312.275367719319    
262.0               312.276830844637    
262.5               312.278102944669    
263.0               312.279211756799    
263.5               312.28024667463     
264.0               312.281268834775    
264.5               312.282265555643    
265.0               312.283154533117    
265.5               312.283834569752    
266.0               312.284251231508    
266.5               312.284381752834    
267.0               312.284173733217    
267.5               312.28347926214     
268.0               312.282177110497    
268.5               312.279834535769    
269.0               312.276342496056    
269.5               312.271499789453    
270.0               312.265323764017    
270.5               312.25794737037     
271.0               312.249564976959    
271.5               312.240435669291    
272.0               312.23078716869     
272.5               312.220791507111    
273.0               312.210572076451    
273.5               312.200153281047    
274.0               312.189440795725    
274.5               312.178418754935    
275.0               312.167064857738    
275.5               312.155442019554    
276.0               312.143442873685    
276.5               312.13099438719     
277.0               312.118006545804    
277.5               312.104275560416    
278.0               312.08996818838     
278.5               312.07546533634     
279.0               312.060859756805    
279.5               312.046211313591    
280.0               312.031471572465    
280.5               312.016597235307    
281.0               312.001540441664    
281.5               311.98628535287     
282.0               311.970848375834    
282.5               311.955276390033    
283.0               311.939654376202    
283.5               311.924120226095    
284.0               311.908922647509    
284.5               311.894215000393    
285.0               311.880114799576    
285.5               311.866653447537    
286.0               311.853787163604    
286.5               311.841436207608    
287.0               311.829472957115    
287.5               311.817767226441    
288.0               311.806158956755    
288.5               311.794479137626    
289.0               311.782586359875    
289.5               311.770416928156    
290.0               311.7579874681      
290.5               311.745515145733    
291.0               311.733222425187    
291.5               311.721344194561    
292.0               311.710111462166    
292.5               311.699671063266    
293.0               311.690016616425    
293.5               311.681133169583    
294.0               311.672921736686    
294.5               311.665247535267    
295.0               311.65808883614     
295.5               311.651278898471    
296.0               311.644822558762    
296.5               311.638661692399    
297.0               311.632758918404    
297.5               311.62706963528     
298.0               311.621614146264    
298.5               311.61648187833     
299.0               311.611741739061    
299.5               311.607406441703    
300.0               311.603487815287    
300.5               311.600014940474    
301.0               311.596962511652    
301.5               311.594307595602    
302.0               311.592256593065    
302.5               311.590831311279    
303.0               311.590041223164    
303.5               311.589971720267    
304.0               311.590515112086    
304.5               311.591599502992    
305.0               311.593071787496    
305.5               311.594735841513    
306.0               311.596476885475    
306.5               311.5981208189      
307.0               311.599683194572    
307.5               311.601119789264    
308.0               311.602491305424    
308.5               311.603830490024    
309.0               311.605259027817    
309.5               311.606884383042    
310.0               311.608844315212    
310.5               311.611247105468    
311.0               311.614189189566    
311.5               311.617636713995    
312.0               311.62143955342     
312.5               311.62549808472     
313.0               311.629687440415    
313.5               311.633950996692    
314.0               311.638436341327    
314.5               311.643398357932    
315.0               311.649013960577    
315.5               311.656118890924    
316.0               311.667939800199    
316.5               311.686987188221    
317.0               311.713445197533    
317.5               311.743820474814    
318.0               311.775767731751    
318.5               311.809973254745    
319.0               311.847795389289    
319.5               311.889799279121    
320.0               311.93619735012     
320.5               311.985338366434    
321.0               312.035294504036    
321.5               312.085250064137    
322.0               312.135348377595    
322.5               312.186682223643    
323.0               312.2411            
323.5               312.300436906475    
324.0               312.365831727473    
324.5               312.437486798945    
325.0               312.514024627528    
325.5               312.594471672662    
326.0               312.67785685954     
326.5               312.763979201439    
327.0               312.853190746054    
327.5               312.945913667899    
328.0               313.041322631632    
328.5               313.136357623786    
329.0               313.227439365758    
329.5               313.311860327273    
330.0               313.388245458034    
330.5               313.456750640959    
331.0               313.518514317346    
331.5               313.575217257143    
332.0               313.628585384492    
332.5               313.679289375025    
333.0               313.728546636691    
333.5               313.777095784216    
334.0               313.825876795205    
334.5               313.876052498002    
335.0               313.928722853147    
335.5               313.984660627373    
336.0               314.044122786014    
336.5               314.106798052991    
337.0               314.171678020142    
337.5               314.237514524314    
338.0               314.303051224873    
338.5               314.367378264935    
339.0               314.429744650549    
339.5               314.489690005195    
340.0               314.546356824357    
340.5               314.599132967033    
341.0               314.646805372657    
341.5               314.688532859712    
342.0               314.723805538462    
342.5               314.752689198681    
343.0               314.775771475577    
343.5               314.794121445754    
344.0               314.808759936868    
344.5               314.820520823078    
345.0               314.830022943057    
345.5               314.837833015385    
346.0               314.844662826209    
346.5               314.8515677003      
347.0               314.859858957043    
347.5               314.870829954851    
348.0               314.885132988694    
348.5               314.903905506163    
349.0               314.9262441003      
349.5               314.951876213675    
350.0               314.980087193049    
350.5               315.01019554801     
351.0               315.041797467687    
351.5               315.074613504968    
352.0               315.108235795489    
352.5               315.142315265965    
353.0               315.175639622656    
353.5               315.207330972841    
354.0               315.236459391389    
354.5               315.262601135498    
355.0               315.285375934781    
355.5               315.30506357002     
356.0               315.321828856016    
356.5               315.336340811142    
357.0               315.348917931035    
357.5               315.360133122281    
358.0               315.37006153064     
358.5               315.379268726899    
359.0               315.388215469161    
359.5               315.398018826475    
360.0               315.35437           
