TEMPORAL
CYCLIC              720.0
crank               pressure            
-360.0              99963.65            
-359.5              99979.1584944432    
-359.0              99996.7347548575    
-358.5              100016.399366471    
-358.0              100037.573238957    
-357.5              100059.555322913    
-357.0              100081.758267624    
-356.5              100103.60044208     
-356.0              100124.898351162    
-355.5              100145.399484805    
-355.0              100164.830643533    
-354.5              100182.82430186     
-354.0              100199.1653895      
-353.5              100212.81081217     
-353.0              100223.920448951    
-352.5              100232.36289751     
-352.0              100238.336768061    
-351.5              100242.264734952    
-351.0              100244.823413712    
-350.5              100246.146265024    
-350.0              100246.794589727    
-349.5              100246.919097936    
-349.0              100246.629576016    
-348.5              100246.02809736     
-348.0              100245.303715326    
-347.5              100244.755707606    
-347.0              100244.645066446    
-346.5              100245.134159331    
-346.0              100246.039266309    
-345.5              100246.976769043    
-345.0              100247.325278807    
-344.5              100246.449239431    
-344.0              100243.854952438    
-343.5              100239.297555254    
-343.0              100232.740478779    
-342.5              100224.167453892    
-342.0              100213.464477749    
-341.5              100200.303297164    
-341.0              100184.278389469    
-340.5              100165.055037766    
-340.0              100142.540039263    
-339.5              100116.926376933    
-339.0              100088.75479498     
-338.5              100057.994883205    
-338.0              100025.377519482    
-337.5              99990.934539642     
-337.0              99954.7105162499    
-336.5              99916.7834463412    
-336.0              99877.4729120262    
-335.5              99837.4287405563    
-335.0              99797.5188056125    
-334.5              99758.5817003081    
-334.0              99721.1834089374    
-333.5              99685.4567574444    
-333.0              99651.1868165862    
-332.5              99618.0196699297    
-332.0              99585.7500735147    
-331.5              99554.4738295577    
-331.0              99524.6884717727    
-330.5              99496.8607105757    
-330.0              99471.5360111145    
-329.5              99448.9513151371    
-329.0              99428.7767865893    
-328.5              99410.5143368075    
-328.0              99393.508853914     
-327.5              99377.4357055509    
-327.0              99362.036812276     
-326.5              99347.6084614817    
-326.0              99334.437466705     
-325.5              99322.6675124771    
-325.0              99312.6129289666    
-324.5              99303.7410809823    
-324.0              99296.2831585168    
-323.5              99290.6099970448    
-323.0              99287.1372197757    
-322.5              99287.6892373169    
-322.0              99291.9541238352    
-321.5              99300.2851244969    
-321.0              99312.4935590777    
-320.5              99327.9177799377    
-320.0              99347.3645222745    
-319.5              99370.1765209861    
-319.0              99396.8602285846    
-318.5              99427.8120633614    
-318.0              99462.6718896163    
-317.5              99502.2401740406    
-317.0              99545.1479972422    
-316.5              99589.8327235371    
-316.0              99634.8587499952    
-315.5              99679.0440359708    
-315.0              99721.5694706155    
-314.5              99761.9729508359    
-314.0              99799.8255696264    
-313.5              99834.7632934543    
-313.0              99866.3227673665    
-312.5              99894.0148579444    
-312.0              99917.5291215323    
-311.5              99936.8642183291    
-311.0              99952.5350378596    
-310.5              99965.5144432635    
-310.0              99976.955666104     
-309.5              99987.8828502275    
-309.0              99998.9190812278    
-308.5              100010.328963211    
-308.0              100022.176714767    
-307.5              100034.564467592    
-307.0              100047.827825503    
-306.5              100062.530651432    
-306.0              100079.288990946    
-305.5              100098.530635633    
-305.0              100120.172771574    
-304.5              100143.644420202    
-304.0              100167.265114058    
-303.5              100189.870132233    
-303.0              100210.000993431    
-302.5              100226.630207807    
-302.0              100238.361003859    
-301.5              100246.701086946    
-301.0              100250.245927796    
-300.5              100248.321911422    
-300.0              100241.76590081     
-299.5              100228.681863338    
-299.0              100209.287072318    
-298.5              100184.52172058     
-298.0              100155.226746002    
-297.5              100124.164403377    
-297.0              100092.901792008    
-296.5              100062.442331809    
-296.0              100033.670451545    
-295.5              100006.065051222    
-295.0              99980.2604769905    
-294.5              99956.1012856406    
-294.0              99935.6113934106    
-293.5              99918.6254753897    
-293.0              99907.4889720306    
-292.5              99900.5805102589    
-292.0              99897.0598332263    
-291.5              99895.4317921957    
-291.0              99893.5583418923    
-290.5              99889.7877104852    
-290.0              99883.8303471651    
-289.5              99875.7517796583    
-289.0              99864.9275879641    
-288.5              99851.6180130903    
-288.0              99835.6062416298    
-287.5              99815.2795514313    
-287.0              99791.133125315     
-286.5              99763.92186183      
-286.0              99734.1456807136    
-285.5              99704.2648754522    
-285.0              99675.5717162892    
-284.5              99649.7359921171    
-284.0              99627.0706630591    
-283.5              99607.408158046     
-283.0              99590.9648592287    
-282.5              99578.5511771126    
-282.0              99570.9437480601    
-281.5              99568.3769646486    
-281.0              99573.1413513936    
-280.5              99583.0434049593    
-280.0              99597.6065502993    
-279.5              99615.3597276543    
-279.0              99633.9976373279    
-278.5              99652.6979756341    
-278.0              99670.875641482     
-277.5              99688.6802330336    
-277.0              99706.0944866741    
-276.5              99722.5005648801    
-276.0              99737.4777257317    
-275.5              99749.145396672     
-275.0              99757.841296226     
-274.5              99762.242058849     
-274.0              99764.1654139879    
-273.5              99764.7297671867    
-273.0              99765.4877226987    
-272.5              99767.3620379864    
-272.0              99771.3713080454    
-271.5              99776.7755919729    
-271.0              99783.8706148891    
-270.5              99792.1027526634    
-270.0              99802.6523836416    
-269.5              99815.6683183976    
-269.0              99833.5008624969    
-268.5              99855.1969285847    
-268.0              99882.2030104284    
-267.5              99911.8774280888    
-267.0              99943.5267022878    
-266.5              99975.0033795538    
-266.0              100004.960585235    
-265.5              100033.383413782    
-265.0              100059.329393314    
-264.5              100083.573901058    
-264.0              100105.037706389    
-263.5              100122.97659781     
-263.0              100137.730848571    
-262.5              100146.825890624    
-262.0              100150.580015247    
-261.5              100150.819879592    
-261.0              100147.208035879    
-260.5              100141.752350655    
-260.0              100135.249112084    
-259.5              100128.298546042    
-259.0              100120.856377688    
-258.5              100113.238423281    
-258.0              100106.350861076    
-257.5              100100.741665473    
-257.0              100098.141925179    
-256.5              100099.288265952    
-256.0              100104.339767528    
-255.5              100113.03440568     
-255.0              100122.952838854    
-254.5              100133.635062461    
-254.0              100143.852424898    
-253.5              100153.143882307    
-253.0              100161.395942093    
-252.5              100168.448716311    
-252.0              100173.727084007    
-251.5              100176.326261077    
-251.0              100175.596754905    
-250.5              100169.735709758    
-250.0              100158.335624051    
-249.5              100141.776802594    
-249.0              100121.320218837    
-248.5              100098.699932246    
-248.0              100075.423139899    
-247.5              100052.400247772    
-247.0              100029.836789531    
-246.5              100007.713896013    
-246.0              99986.2421870168    
-245.5              99966.2878135592    
-245.0              99949.1183473289    
-244.5              99936.9128935535    
-244.0              99929.3137655361    
-243.5              99926.7534043552    
-243.0              99928.3229303465    
-242.5              99932.5640720314    
-242.0              99937.9713220404    
-241.5              99943.4475190982    
-241.0              99948.4845484065    
-240.5              99953.0250903722    
-240.0              99957.1642101666    
-239.5              99960.5162727449    
-239.0              99962.4258750497    
-238.5              99961.7875346589    
-238.0              99957.5618210684    
-237.5              99949.3153986898    
-237.0              99937.5110377995    
-236.5              99923.5000754676    
-236.0              99908.4978222775    
-235.5              99894.3540339164    
-235.0              99881.7752845576    
-234.5              99870.8485978383    
-234.0              99861.4215017473    
-233.5              99853.621413282     
-233.0              99848.0225338937    
-232.5              99845.7351730875    
-232.0              99847.8822711376    
-231.5              99855.0541433613    
-231.0              99866.8951975066    
-230.5              99882.2646115289    
-230.0              99899.6808772401    
-229.5              99917.851768138     
-229.0              99936.0046233877    
-228.5              99953.9232455449    
-228.0              99971.6982763109    
-227.5              99989.1878112502    
-227.0              100005.760601402    
-226.5              100020.481352821    
-226.0              100032.278552923    
-225.5              100040.408346541    
-225.0              100044.774515408    
-224.5              100046.032200415    
-224.0              100045.316052307    
-223.5              100043.772528491    
-223.0              100042.160414577    
-222.5              100040.68685389     
-222.0              100039.204221698    
-221.5              100037.673805492    
-221.0              100036.505254942    
-220.5              100036.598632628    
-220.0              100039.127407663    
-219.5              100045.052651663    
-219.0              100054.734605615    
-218.5              100067.810065542    
-218.0              100083.301231602    
-217.5              100100.034266248    
-217.0              100117.014532808    
-216.5              100133.651772132    
-216.0              100149.734868897    
-215.5              100165.249681288    
-215.0              100179.916917246    
-214.5              100193.137403496    
-214.0              100204.004023425    
-213.5              100211.575649013    
-213.0              100215.268509663    
-212.5              100215.115886227    
-212.0              100211.70274573     
-211.5              100205.82180177     
-211.0              100198.178707222    
-210.5              100189.253698951    
-210.0              100179.36425601     
-209.5              100168.844634021    
-209.0              100158.220771252    
-208.5              100148.336099291    
-208.0              100140.179816375    
-207.5              100134.650335642    
-207.0              100132.284625237    
-206.5              100133.117317817    
-206.0              100136.71029226     
-205.5              100142.263590987    
-205.0              100148.897360182    
-204.5              100155.957583724    
-204.0              100163.101021782    
-203.5              100170.182587871    
-203.0              100176.975412425    
-202.5              100183.078570829    
-202.0              100187.758873559    
-201.5              100190.173000087    
-201.0              100189.576538413    
-200.5              100185.572846535    
-200.0              100178.187817649    
-199.5              100167.992877166    
-199.0              100155.832485502    
-198.5              100142.58731333     
-198.0              100128.928720759    
-197.5              100115.245758382    
-197.0              100101.787145047    
-196.5              100088.830790769    
-196.0              100076.928097952    
-195.5              100066.845585389    
-195.0              100059.401808575    
-194.5              100055.184311699    
-194.0              100054.369654565    
-193.5              100056.635771078    
-193.0              100061.184927689    
-192.5              100067.024439701    
-192.0              100073.25603363     
-191.5              100079.330937628    
-191.0              100085.053565642    
-190.5              100090.384835053    
-190.0              100095.308542142    
-189.5              100099.37954249     
-189.0              100102.036997052    
-188.5              100102.59706588     
-188.0              100100.445187541    
-187.5              100095.437292322    
-187.0              100087.970763048    
-186.5              100078.934944924    
-186.0              100069.313274599    
-185.5              100059.896926199    
-185.0              100051.098270907    
-184.5              100043.022343972    
-184.0              100035.684710758    
-183.5              100029.27285612     
-183.0              100024.297738736    
-182.5              100021.482167701    
-182.0              100021.481244474    
-181.5              100024.5422242      
-181.0              100030.253464787    
-180.5              100037.769462065    
-180.0              100046.100797238    
-179.5              100054.445327862    
-179.0              100062.419348729    
-178.5              100069.98754122     
-178.0              100077.279420403    
-177.5              100084.29477609     
-177.0              100090.67244891     
-176.5              100095.787911743    
-176.0              100098.958945434    
-175.5              100099.72503759     
-175.0              100098.139963043    
-174.5              100094.62628659     
-174.0              100089.879074836    
-173.5              100084.591646958    
-173.0              100079.197085858    
-172.5              100073.946615853    
-172.0              100068.905177586    
-171.5              100064.166107785    
-171.0              100060.126431107    
-170.5              100057.395893967    
-170.0              100056.615866386    
-169.5              100058.253321192    
-169.0              100062.252105392    
-168.5              100068.149850594    
-168.0              100075.233726622    
-167.5              100082.823105726    
-167.0              100090.483389472    
-166.5              100098.048037114    
-166.0              100105.530017179    
-165.5              100112.908289812    
-165.0              100119.964188383    
-164.5              100126.255748007    
-164.0              100131.19146712     
-163.5              100134.306183912    
-163.0              100135.430647403    
-162.5              100134.764141927    
-162.0              100132.783589622    
-161.5              100130.018793958    
-161.0              100126.83313757     
-160.5              100123.37086347     
-160.0              100119.630129774    
-159.5              100115.686629583    
-159.0              100111.861694251    
-158.5              100108.744523134    
-158.0              100107.071716494    
-157.5              100107.429688429    
-157.0              100109.955535839    
-156.5              100114.30330459     
-156.0              100119.778266451    
-155.5              100125.629093904    
-155.0              100131.335864809    
-154.5              100136.672013069    
-154.0              100141.753548466    
-153.5              100146.690496912    
-153.0              100151.335469101    
-152.5              100155.228039583    
-152.0              100157.623298975    
-151.5              100157.776375962    
-151.0              100155.175279434    
-150.5              100149.73660296     
-150.0              100141.787522097    
-149.5              100131.970660967    
-149.0              100120.886816503    
-148.5              100108.897736178    
-148.0              100096.076484383    
-147.5              100082.379502512    
-147.0              100067.817553342    
-146.5              100052.749411289    
-146.0              100037.765563059    
-145.5              100023.600863908    
-145.0              100010.767027234    
-144.5              99999.3825090271    
-144.0              99989.1243051721    
-143.5              99979.4173103882    
-143.0              99969.6682422913    
-142.5              99959.5558934044    
-142.0              99949.0732402113    
-141.5              99938.35775851      
-141.0              99927.513459117     
-140.5              99916.398137163     
-140.0              99904.6461280538    
-139.5              99891.7998951837    
-139.0              99877.5952584533    
-138.5              99862.1539361137    
-138.0              99845.9884526688    
-137.5              99829.8294020738    
-137.0              99814.3563053668    
-136.5              99800.0056664616    
-136.0              99786.9246182123    
-135.5              99775.1226724207    
-135.0              99764.7256011508    
-134.5              99755.9647276941    
-134.0              99749.3629531497    
-133.5              99745.4796291535    
-133.0              99744.7003887848    
-132.5              99747.0452354485    
-132.0              99752.0008521962    
-131.5              99758.7150684056    
-131.0              99766.3336609993    
-130.5              99774.3162610744    
-130.0              99782.546132512     
-129.5              99791.2172807223    
-129.0              99800.5608778274    
-128.5              99810.5618105679    
-128.0              99820.8599536099    
-127.5              99830.7380765648    
-127.0              99839.6354549683    
-126.5              99847.2785534287    
-126.0              99853.8618816867    
-125.5              99859.975377984     
-125.0              99866.3462021266    
-124.5              99873.430352257     
-124.0              99881.8310656703    
-123.5              99891.2206203002    
-123.0              99901.3221578119    
-122.5              99911.9324608963    
-122.0              99923.1763208314    
-121.5              99935.493547359     
-121.0              99949.2875399032    
-120.5              99965.1581238789    
-120.0              99982.9547163776    
-119.5              100002.609613721    
-119.0              100023.033897202    
-118.5              100043.388760157    
-118.0              100063.04147831     
-117.5              100081.868583106    
-117.0              100099.869082372    
-116.5              100117.246284354    
-116.0              100134.083915744    
-115.5              100150.17151972     
-115.0              100164.687568141    
-114.5              100177.610041096    
-114.0              100188.475703841    
-113.5              100197.353511716    
-113.0              100204.652467365    
-112.5              100210.956783311    
-112.0              100216.770272403    
-111.5              100222.474977348    
-111.0              100228.035873208    
-110.5              100233.27266083     
-110.0              100238.04334358     
-109.5              100242.146284084    
-109.0              100245.937410072    
-108.5              100249.675610487    
-108.0              100253.66591831     
-107.5              100257.961260691    
-107.0              100262.2448745      
-106.5              100265.947693033    
-106.0              100268.406964154    
-105.5              100269.080958385    
-105.0              100267.634179764    
-104.5              100263.872205347    
-104.0              100257.826573009    
-103.5              100249.336463242    
-103.0              100238.460127688    
-102.5              100225.126948885    
-102.0              100209.224074696    
-101.5              100190.70475001     
-101.0              100169.70847892     
-100.5              100146.536363833    
-100.0              100121.594529978    
-99.5               100095.276924829    
-99.0               100067.741406962    
-98.5               100039.01167426     
-98.0               100008.946769037    
-97.5               99977.4518929449    
-97.0               99944.5378265734    
-96.5               99910.395079622     
-96.0               99875.4019409367    
-95.5               99839.990847036     
-95.0               99804.6508319514    
-94.5               99769.6381497523    
-94.0               99735.0383153857    
-93.5               99700.7923929677    
-93.0               99666.7855844405    
-92.5               99632.9895169507    
-92.0               99599.524647409     
-91.5               99566.6557065804    
-91.0               99534.7880298853    
-90.5               99504.3685001398    
-90.0               99475.8079503776    
-89.5               99449.3959019093    
-89.0               99425.2312991028    
-88.5               99402.9366251039    
-88.0               99382.9033748961    
-87.5               99364.7680170309    
-87.0               99348.3762757243    
-86.5               99333.7443491437    
-86.0               99320.9318187486    
-85.5               99309.9809508764    
-85.0               99300.958569903     
-84.5               99293.9521445751    
-84.0               99289.1274692629    
-83.5               99286.7967066554    
-83.0               99287.388983915     
-82.5               99291.786344807     
-82.0               99299.0683096296    
-81.5               99309.6121063568    
-81.0               99323.3555832187    
-80.5               99340.2841187552    
-80.0               99360.4892232565    
-79.5               99384.0458594962    
-79.0               99411.974119081     
-78.5               99443.1570427685    
-78.0               99477.7685946265    
-77.5               99515.1246764402    
-77.0               99555.1232030133    
-76.5               99596.2225386873    
-76.0               99637.6674220097    
-75.5               99678.652809275     
-75.0               99718.7126998962    
-74.5               99756.6690815738    
-74.0               99792.1315792692    
-73.5               99824.5612727552    
-73.0               99853.6207232586    
-72.5               99879.2484624498    
-72.0               99901.6288452514    
-71.5               99921.1798176642    
-71.0               99938.6002187085    
-70.5               99954.3535554487    
-70.0               99969.2024232863    
-69.5               99983.6883770419    
-69.0               99998.1574282801    
-68.5               100012.897128947    
-68.0               100028.110128178    
-67.5               100044.174014459    
-67.0               100061.242674012    
-66.5               100079.665336433    
-66.0               100099.562772277    
-65.5               100120.791290501    
-65.0               100142.903122715    
-64.5               100165.110779208    
-64.0               100186.418023557    
-63.5               100205.731919049    
-63.0               100222.060549477    
-62.5               100234.638401587    
-62.0               100242.85706369     
-61.5               100246.335629309    
-61.0               100244.864362666    
-60.5               100238.215954564    
-60.0               100226.111343274    
-59.5               100208.60183133     
-59.0               100186.313303055    
-58.5               100160.481380538    
-58.0               100132.739486906    
-57.5               100104.625942776    
-57.0               100077.300348059    
-56.5               100051.645390384    
-56.0               100027.092912054    
-55.5               100004.224477971    
-55.0               99983.2152222863    
-54.5               99965.1033543881    
-54.0               99950.0602877318    
-53.5               99938.532428038     
-53.0               99931.1487989637    
-52.5               99926.3858720865    
-52.0               99922.7098825116    
-51.5               99918.646027759     
-51.0               99912.6617512595    
-50.5               99904.7780136184    
-50.0               99893.6346033354    
-49.5               99880.3101453893    
-49.0               99863.7241569647    
-48.5               99843.7847663696    
-48.0               99821.1913917654    
-47.5               99794.6766251366    
-47.0               99766.010434657     
-46.5               99735.5982551822    
-46.0               99705.5546169975    
-45.5               99676.9159029292    
-45.0               99651.7449784214    
-44.5               99629.4320720594    
-44.0               99611.63271829      
-43.5               99596.9128591624    
-43.0               99586.4265247492    
-42.5               99581.0884971508    
-42.0               99579.9145013412    
-41.5               99585.2350554824    
-41.0               99594.561396183     
-40.5               99608.5036786546    
-40.0               99624.2373487078    
-39.5               99641.0798760694    
-39.0               99657.7396627558    
-38.5               99673.6328412584    
-38.0               99688.8399338089    
-37.5               99702.8108068507    
-37.0               99715.671069328     
-36.5               99725.9189402341    
-36.0               99733.8755015207    
-35.5               99737.8966077423    
-35.0               99739.4203485838    
-34.5               99738.5572077716    
-34.0               99737.2771051877    
-33.5               99736.5910749038    
-33.0               99738.2015451264    
-32.5               99741.7469480392    
-32.0               99748.1177663407    
-31.5               99756.9885730582    
-31.0               99767.7339564083    
-30.5               99781.5061843194    
-30.0               99799.1859674316    
-29.5               99820.098005224     
-29.0               99845.7392164431    
-28.5               99875.6449262537    
-28.0               99907.5906298986    
-27.5               99940.9410589473    
-27.0               99973.5969130538    
-26.5               100004.866710295    
-26.0               100033.663664679    
-25.5               100059.249405754    
-25.0               100082.544790698    
-24.5               100102.384857497    
-24.0               100118.1044896      
-23.5               100128.768180353    
-23.0               100135.183165559    
-22.5               100136.369132674    
-22.0               100133.237529225    
-21.5               100127.590915667    
-21.0               100120.571165854    
-20.5               100112.930933026    
-20.0               100105.515836863    
-19.5               100098.886239647    
-19.0               100093.078196591    
-18.5               100089.529080725    
-18.0               100088.852770756    
-17.5               100091.722055881    
-17.0               100098.295646403    
-16.5               100108.440722108    
-16.0               100120.494695431    
-15.5               100134.390580386    
-15.0               100148.638424231    
-14.5               100162.388659382    
-14.0               100174.976149475    
-13.5               100185.819797569    
-13.0               100194.199827652    
-12.5               100199.243128027    
-12.0               100199.966994139    
-11.5               100195.433521074    
-11.0               100184.96744694     
-10.5               100168.591216957    
-10.0               100147.156071027    
-9.5                100122.218883174    
-9.0                100095.549185745    
-8.5                100068.679895978    
-8.0                100042.566688552    
-7.5                100017.729243329    
-7.0                99994.5377613359    
-6.5                99973.6130347655    
-6.0                99955.9494148905    
-5.5                99942.7202264968    
-5.0                99934.6726090997    
-4.5                99932.3559269533    
-4.0                99935.2521657946    
-3.5                99942.0292986812    
-3.0                99950.8647440989    
-2.5                99960.0293242866    
-2.0                99968.3337641392    
-1.5                99975.3132483419    
-1.0                99981.170612791     
-0.5                99985.6185168677    
0.0                 99988.0838658014    
0.5                 99987.4823353659    
1.0                 99982.4605346152    
1.5                 99972.2170838749    
2.0                 99955.8677664577    
2.5                 99936.2532324101    
3.0                 99914.9441434415    
3.5                 99894.0788675956    
4.0                 99875.1495328771    
4.5                 99858.7788218764    
5.0                 99844.7618153076    
5.5                 99833.5862545976    
6.0                 99825.2135647104    
6.5                 99820.8868042439    
7.0                 99821.9280676735    
7.5                 99829.0818540213    
8.0                 99842.129274208     
8.5                 99859.5417761973    
9.0                 99880.729043189     
9.5                 99903.2869237682    
10.0                99925.9729783939    
10.5                99948.2402407832    
11.0                99969.9070086059    
11.5                99990.6998904848    
12.0                100009.941725873    
12.5                100026.617065713    
13.0                100039.527765638    
13.5                100047.061050698    
14.0                100049.151786077    
14.5                100046.395435944    
15.0                100040.262935151    
15.5                100032.636645604    
16.0                100024.275168154    
16.5                100015.879503917    
17.0                100007.930342502    
17.5                100000.983247663    
18.0                99995.7553296552    
18.5                99994.2432871672    
19.0                99996.7659248862    
19.5                100004.234831586    
20.0                100016.603286441    
20.5                100033.235692906    
21.0                100053.131142408    
21.5                100075.233946754    
22.0                100098.646513951    
22.5                100122.899118826    
23.0                100147.246142423    
23.5                100170.937914019    
24.0                100192.832692839    
24.5                100211.596636076    
25.0                100225.874627221    
25.5                100234.72786302     
26.0                100237.819928702    
26.5                100235.598852851    
27.0                100228.883425724    
27.5                100218.464529682    
28.0                100204.93171        
28.5                100188.894056974    
29.0                100171.120364858    
29.5                100152.774603787    
30.0                100135.383086084    
30.5                100120.570666933    
31.0                100109.771524436    
31.5                100103.825978473    
32.0                100102.934206795    
32.5                100106.762772671    
33.0                100114.501836467    
33.5                100125.213056399    
34.0                100138.079389492    
34.5                100152.550673008    
35.0                100168.215718247    
35.5                100184.524507583    
36.0                100200.375250411    
36.5                100214.404541931    
37.0                100225.039625333    
37.5                100230.951135201    
38.0                100231.455954302    
38.5                100226.416326893    
39.0                100216.158022692    
39.5                100201.326842188    
40.0                100182.762236964    
40.5                100161.414876325    
41.0                100138.398303809    
41.5                100114.484492935    
42.0                100091.108831519    
42.5                100069.630983603    
43.0                100051.312457462    
43.5                100037.26732941     
44.0                100028.259948629    
44.5                100024.596468942    
45.0                100026.247918074    
45.5                100032.672035022    
46.0                100042.924336174    
46.5                100055.800429483    
47.0                100070.334059165    
47.5                100085.642220977    
48.0                100100.949202333    
48.5                100115.494831354    
49.0                100128.329036903    
49.5                100138.442580471    
50.0                100143.983048159    
50.5                100145.355736914    
51.0                100141.703316228    
51.5                100133.002540123    
52.0                100119.720365713    
52.5                100102.777481196    
53.0                100083.47921012     
53.5                100062.973803822    
54.0                100042.847604412    
54.5                100024.121316109    
55.0                100007.728252989    
55.5                99994.4985152111    
56.0                99985.2100627       
56.5                99980.5635816751    
57.0                99980.4035568412    
57.5                99986.3769441713    
58.0                99997.1971785301    
58.5                100011.680472717    
59.0                100028.570884243    
59.5                100046.724938982    
60.0                100065.256229134    
60.5                100083.488277209    
61.0                100100.733846213    
61.5                100116.23316727     
62.0                100128.967776938    
62.5                100137.879229174    
63.0                100142.061962519    
63.5                100141.134171843    
64.0                100135.326175214    
64.5                100125.103830664    
65.0                100111.322925673    
65.5                100094.950550671    
66.0                100077.663909507    
66.5                100060.353176668    
67.0                100044.158177356    
67.5                100030.112170677    
68.0                100019.167963042    
68.5                100012.151614513    
69.0                100009.687798038    
69.5                100011.80260476     
70.0                100019.400662218    
70.5                100030.774975408    
71.0                100045.355614213    
71.5                100062.21484278     
72.0                100080.532996796    
72.5                100099.588271711    
73.0                100118.624024552    
73.5                100136.705879857    
74.0                100153.066933505    
74.5                100166.084321913    
75.0                100174.892709198    
75.5                100178.767464579    
76.0                100177.841280827    
76.5                100172.457258172    
77.0                100163.144349749    
77.5                100150.509935613    
78.0                100135.385702867    
78.5                100118.715029373    
79.0                100101.694421932    
79.5                100085.837062068    
80.0                100072.124785102    
80.5                100061.770769092    
81.0                100055.607425117    
81.5                100054.157219758    
82.0                100057.543106742    
82.5                100065.376522591    
83.0                100076.934207214    
83.5                100091.410679775    
84.0                100108.057262918    
84.5                100126.156537178    
85.0                100144.933129458    
85.5                100163.431464311    
86.0                100180.472466679    
86.5                100194.753732566    
87.0                100205.070112494    
87.5                100211.000732126    
88.0                100210.878707512    
88.5                100205.589823355    
89.0                100195.129358403    
89.5                100179.797494305    
90.0                100160.148988151    
90.5                100137.014986312    
91.0                100111.576563892    
91.5                100085.252079287    
92.0                100059.478525357    
92.5                100035.527164209    
93.0                100014.384412629    
93.5                99996.7737818451    
94.0                99983.0849572185    
94.5                99973.4529364772    
95.0                99967.8299336663    
95.5                99966.0913746553    
96.0                99967.3395177622    
96.5                99970.9223697546    
97.0                99975.6537001139    
97.5                99980.1436437105    
98.0                99983.0229835361    
98.5                99983.1671630402    
99.0                99979.7602537513    
99.5                99972.2368924497    
100.0               99960.2829764445    
100.5               99943.8350486694    
101.0               99923.1108375392    
101.5               99898.6373147926    
102.0               99871.2714989211    
102.5               99842.1588312856    
103.0               99812.6339914089    
103.5               99783.856556519     
104.0               99757.5981487253    
104.5               99734.7408139535    
105.0               99716.3956491859    
105.5               99703.3588753696    
106.0               99696.1876961342    
106.5               99695.1782562238    
107.0               99700.2895755154    
107.5               99710.7797764725    
108.0               99725.4788560983    
108.5               99743.1030468713    
109.0               99762.5435626011    
109.5               99782.9802242489    
110.0               99803.7286843738    
110.5               99824.0996831084    
111.0               99843.3189910891    
111.5               99860.3096036836    
112.0               99873.8680892601    
112.5               99883.0097084821    
113.0               99887.5676775799    
113.5               99888.5951967058    
114.0               99886.5961493284    
114.5               99882.656748913     
115.0               99877.7944383967    
115.5               99872.8332094531    
116.0               99868.4403667521    
116.5               99865.4568803331    
117.0               99865.0025037528    
117.5               99868.1884072781    
118.0               99877.7164667095    
118.5               99892.8325451146    
119.0               99914.3588784479    
119.5               99941.7192296224    
120.0               99975.2486898217    
120.5               100012.588444826    
121.0               100054.156401844    
121.5               100098.104053619    
122.0               100143.519276897    
122.5               100189.190448403    
123.0               100234.117295004    
123.5               100276.187703392    
124.0               100314.025560843    
124.5               100346.093200632    
125.0               100370.712041909    
125.5               100387.293155037    
126.0               100395.184723228    
126.5               100395.349031619    
127.0               100389.37173118     
127.5               100378.742349893    
128.0               100364.670029905    
128.5               100348.080365333    
129.0               100329.458272663    
129.5               100309.671214286    
130.0               100289.687769862    
130.5               100270.97535986     
131.0               100254.898266352    
131.5               100242.182672701    
132.0               100232.519127533    
132.5               100224.662524429    
133.0               100217.075322516    
133.5               100208.106860249    
134.0               100196.991243006    
134.5               100182.864353195    
135.0               100164.705864157    
135.5               100140.835989169    
136.0               100108.697358513    
136.5               100064.601059489    
137.0               100002.993640942    
137.5               99914.4889593574    
138.0               99806.8365762129    
138.5               99694.2771755725    
139.0               99585.8564010231    
139.5               99488.4272041721    
140.0               99406.5238845062    
140.5               99341.649322863     
141.0               99293.4236650282    
141.5               99259.9134903187    
142.0               99241.3530370666    
142.5               99236.2877775114    
143.0               99244.0737851662    
143.5               99262.4603120879    
144.0               99287.0797118881    
144.5               99311.3067374625    
145.0               99327.7704850259    
145.5               99329.5534131855    
146.0               99312.6454654972    
146.5               99275.9682742983    
147.0               99221.4071858955    
147.5               99151.9198929577    
148.0               99070.6056295697    
148.5               98979.5465928367    
149.0               98880.7315385169    
149.5               98779.4094757282    
150.0               98688.821377602     
150.5               98619.3161126667    
151.0               98577.2259758708    
151.5               98564.7693824252    
152.0               98581.1902383438    
152.5               98622.6491926403    
153.0               98682.0699908578    
153.5               98756.5183047503    
154.0               98835.7492254095    
154.5               98913.8790752438    
155.0               98985.3582835863    
155.5               99045.5356694668    
156.0               99091.418613342     
156.5               99123.2774277668    
157.0               99137.5320543486    
157.5               99133.7788875073    
158.0               99110.797044507     
158.5               99067.5826130837    
159.0               99008.4088001901    
159.5               98936.6212656284    
160.0               98859.7403706953    
160.5               98784.4358148555    
161.0               98716.4936895248    
161.5               98658.7974740828    
162.0               98615.8301872928    
162.5               98590.5843490559    
163.0               98585.5462316038    
163.5               98605.0260038831    
164.0               98642.514489454     
164.5               98699.9922933181    
165.0               98774.5246174757    
165.5               98860.271616357     
166.0               98949.8736237624    
166.5               99036.2064809413    
167.0               99116.0778045395    
167.5               99187.1751983394    
168.0               99248.4956843589    
168.5               99299.7129045959    
169.0               99340.8457307487    
169.5               99373.1175154094    
170.0               99394.7155599246    
170.5               99408.8179910269    
171.0               99417.03754979      
171.5               99421.7424768002    
172.0               99425.4568221583    
172.5               99430.3775622992    
173.0               99437.8017789274    
173.5               99448.1919507484    
174.0               99461.5038706016    
174.5               99477.4484039216    
175.0               99495.6511377877    
175.5               99515.6636022906    
176.0               99536.9568847714    
176.5               99558.8069053422    
177.0               99580.0788291667    
177.5               99598.7199014011    
178.0               99613.188117801     
178.5               99623.5033835454    
179.0               99630.0428184888    
179.5               99633.3711364054    
180.0               99634.0730648925    
180.5               99633.5935497639    
181.0               99632.2577391908    
181.5               99630.0433095488    
182.0               99626.4576624009    
182.5               99621.9571462951    
183.0               99616.2697230047    
183.5               99609.2778489563    
184.0               99601.1912792363    
184.5               99591.3230641447    
185.0               99579.3385687494    
185.5               99565.8080202733    
186.0               99550.0317376158    
186.5               99532.9140897204    
187.0               99514.2411363062    
187.5               99494.2012642122    
188.0               99473.4734525328    
188.5               99451.9782593396    
189.0               99429.9478803955    
189.5               99407.2808922112    
190.0               99384.3330514048    
190.5               99361.237317794     
191.0               99338.2907587097    
191.5               99315.6731074791    
192.0               99293.8728064956    
192.5               99273.5388459065    
193.0               99254.9002248568    
193.5               99238.2210512956    
194.0               99222.6321370146    
194.5               99208.6025214028    
195.0               99195.7166766654    
195.5               99184.834172761     
196.0               99175.8255975065    
196.5               99169.0086186997    
197.0               99164.9448806291    
197.5               99162.6057115984    
198.0               99162.4397191909    
198.5               99163.6761653581    
199.0               99166.6869233063    
199.5               99170.5191625969    
200.0               99174.7184546789    
200.5               99178.6249447323    
201.0               99182.0387130653    
201.5               99184.7912865538    
202.0               99187.3003490824    
202.5               99189.8686418327    
203.0               99192.8391173862    
203.5               99197.1651529891    
204.0               99203.5374243011    
204.5               99214.1355848124    
205.0               99228.0916394731    
205.5               99246.9165931995    
206.0               99268.6485462503    
206.5               99293.3979143696    
207.0               99319.2627657287    
207.5               99345.2939367481    
208.0               99370.3365146904    
208.5               99393.6729072591    
209.0               99415.6560608251    
209.5               99435.5337988278    
210.0               99454.0995060366    
210.5               99471.2085881619    
211.0               99487.7413728185    
211.5               99504.3332200612    
212.0               99521.7370010719    
212.5               99540.00115421      
213.0               99559.7011830223    
213.5               99580.7283169715    
214.0               99602.684716691     
214.5               99626.102359353     
215.0               99651.0293325578    
215.5               99676.8247690981    
216.0               99703.3886722503    
216.5               99729.9451210835    
217.0               99756.11969776      
217.5               99781.2510498493    
218.0               99805.0337306733    
218.5               99826.8049922065    
219.0               99847.0514831989    
219.5               99864.8551566977    
220.0               99880.295679837     
220.5               99893.4126495515    
221.0               99904.1005751214    
221.5               99913.6520010696    
222.0               99921.9521146596    
222.5               99929.6454039735    
223.0               99937.1174455185    
223.5               99944.5642684073    
224.0               99951.934162484     
224.5               99958.9814972019    
225.0               99965.5391094849    
225.5               99971.2578736308    
226.0               99975.8864053818    
226.5               99979.2575755787    
227.0               99981.2537741787    
227.5               99981.852319352     
228.0               99981.0775868947    
228.5               99979.0430096766    
229.0               99975.992328443     
229.5               99972.2411382114    
230.0               99968.1462334142    
230.5               99964.0147006066    
231.0               99960.034473376     
231.5               99956.2081175513    
232.0               99952.3876513666    
232.5               99948.3454591516    
233.0               99943.8693956218    
233.5               99938.8833413439    
234.0               99933.2753201883    
234.5               99927.2867247426    
235.0               99921.0525764288    
235.5               99914.7474582239    
236.0               99908.495187747     
236.5               99902.3429662652    
237.0               99896.3031106881    
237.5               99890.3650129303    
238.0               99884.5308252783    
238.5               99878.8840041165    
239.0               99873.5358204476    
239.5               99868.4877824093    
240.0               99863.7564592649    
240.5               99859.3547419575    
241.0               99855.3697499053    
241.5               99851.9148640127    
242.0               99849.1972953749    
242.5               99847.4196771712    
243.0               99846.6760974778    
243.5               99846.8940202005    
244.0               99847.8676205276    
244.5               99849.3140191805    
245.0               99851.0429063406    
245.5               99853.0428398226    
246.0               99855.3780671141    
246.5               99858.1880752313    
247.0               99861.61183011      
247.5               99865.935012098     
248.0               99871.0021751086    
248.5               99876.931724733     
249.0               99883.729494528     
249.5               99891.3773637588    
250.0               99899.7623267319    
250.5               99908.9810057481    
251.0               99918.7431362058    
251.5               99928.9412368376    
252.0               99939.4522045312    
252.5               99950.2504478756    
253.0               99961.3621255899    
253.5               99972.8616995459    
254.0               99984.8101694449    
254.5               99997.5494564855    
255.0               100011.055839041    
255.5               100025.276712371    
256.0               100040.059090277    
256.5               100055.197701599    
257.0               100070.46071326     
257.5               100085.690796278    
258.0               100100.789678099    
258.5               100115.772160002    
259.0               100130.675189239    
259.5               100145.577714062    
260.0               100160.49540066     
260.5               100175.431697705    
261.0               100190.364058704    
261.5               100205.259193663    
262.0               100220.068158517    
262.5               100234.671600355    
263.0               100249.137989974    
263.5               100263.570210279    
264.0               100278.061403405    
264.5               100292.57827796     
265.0               100307.027862829    
265.5               100321.317675714    
266.0               100335.378443777    
266.5               100349.174395908    
267.0               100362.63723227     
267.5               100375.6202424      
268.0               100388.020668508    
268.5               100399.316140552    
269.0               100409.390386557    
269.5               100418.022960276    
270.0               100425.213251217    
270.5               100431.08312963     
271.0               100435.867526882    
271.5               100439.848035433    
272.0               100443.295530785    
272.5               100446.430301343    
273.0               100449.377610508    
273.5               100452.152185792    
274.0               100454.686402342    
274.5               100456.938362501    
275.0               100458.898611149    
275.5               100460.589312877    
276.0               100461.958719579    
276.5               100462.920228798    
277.0               100463.318392097    
277.5               100462.981276187    
278.0               100461.889983524    
278.5               100460.216731516    
279.0               100457.986434455    
279.5               100455.340931163    
280.0               100452.199710924    
280.5               100448.534592787    
281.0               100444.312538194    
281.5               100439.508799969    
282.0               100434.130976854    
282.5               100428.235752403    
283.0               100421.944080688    
283.5               100415.445897315    
284.0               100408.952310682    
284.5               100402.688865939    
285.0               100396.806288666    
285.5               100391.335053533    
286.0               100386.253428122    
286.5               100381.449107048    
287.0               100376.805295436    
287.5               100372.177891599    
288.0               100367.400040549    
288.5               100362.280085056    
289.0               100356.680818506    
289.5               100350.485590027    
290.0               100343.768689676    
290.5               100336.745667292    
291.0               100329.681837742    
291.5               100322.878280704    
292.0               100316.567647175    
292.5               100310.913323448    
293.0               100305.974763431    
293.5               100301.691421899    
294.0               100297.957887151    
294.5               100294.673298463    
295.0               100291.745845056    
295.5               100289.074959654    
296.0               100286.635569176    
296.5               100284.346021036    
297.0               100282.163517967    
297.5               100280.068536353    
298.0               100278.100624801    
298.5               100276.333959443    
299.0               100274.841875099    
299.5               100273.666098687    
300.0               100272.824872611    
300.5               100272.326635079    
301.0               100272.177622993    
301.5               100272.374254302    
302.0               100273.07590833     
302.5               100274.305819849    
303.0               100276.185857271    
303.5               100278.703203868    
304.0               100281.819921021    
304.5               100285.41151416     
305.0               100289.293992738    
305.5               100293.287514564    
306.0               100297.222816441    
306.5               100300.958935669    
307.0               100304.449434045    
307.5               100307.691062463    
308.0               100310.720395897    
308.5               100313.595452514    
309.0               100316.431415972    
309.5               100319.389586633    
310.0               100322.591688579    
310.5               100326.185080891    
311.0               100330.269644239    
311.5               100334.856169186    
312.0               100339.857417213    
312.5               100345.135990033    
313.0               100350.570818653    
313.5               100356.109723827    
314.0               100361.80070592     
314.5               100367.804804302    
315.0               100374.304621205    
315.5               100381.721090366    
316.0               100391.268704876    
316.5               100403.485059292    
317.0               100416.845374975    
317.5               100428.461752945    
318.0               100436.191982895    
318.5               100439.761411389    
319.0               100439.885130296    
319.5               100437.296910689    
320.0               100432.332252598    
320.5               100424.328512288    
321.0               100412.185647031    
321.5               100395.249241144    
322.0               100373.802332794    
322.5               100349.256135401    
323.0               100323.857272727    
323.5               100299.912359712    
324.0               100278.923899301    
324.5               100261.342961276    
325.0               100246.223155623    
325.5               100232.630111511    
326.0               100219.817796603    
326.5               100207.810884892    
327.0               100197.307454545    
327.5               100189.078675792    
328.0               100182.664991508    
328.5               100175.445924949    
329.0               100164.233721125    
329.5               100146.621376623    
330.0               100121.51651239     
330.5               100089.388766434    
331.0               100051.855615108    
331.5               100011.043112088    
332.0               99968.8971191047    
332.5               99927.0359772228    
333.0               99886.5364306555    
333.5               99848.5236274925    
334.0               99814.1767812188    
334.5               99784.9481446843    
335.0               99762.2492565035    
335.5               99747.1529917283    
336.0               99739.9603076923    
336.5               99740.2957966671    
337.0               99746.8858203181    
337.5               99758.130455588     
338.0               99772.4037360828    
338.5               99788.5179620779    
339.0               99805.471829011     
339.5               99822.4883992008    
340.0               99838.3952979863    
340.5               99852.1060895505    
341.0               99862.0544050673    
341.5               99866.9925193591    
342.0               99866.0770237762    
342.5               99859.1761698931    
343.0               99846.8481117171    
343.5               99830.1526204595    
344.0               99810.1947501099    
344.5               99787.9011079191    
345.0               99763.9680614585    
345.5               99739.0681846953    
346.0               99714.0847506992    
346.5               99690.2573158042    
347.0               99669.0835524475    
347.5               99652.0463373022    
348.0               99639.8159501418    
348.5               99634.0730352626    
349.0               99633.6180576224    
349.5               99638.2418974359    
350.0               99647.2257760483    
350.5               99659.863463422     
351.0               99675.7846030071    
351.5               99694.6768157182    
352.0               99715.856281203     
352.5               99739.3929586777    
353.0               99763.6759459865    
353.5               99787.5909466192    
354.0               99810.0645920772    
354.5               99830.5359357969    
355.0               99848.5583271406    
355.5               99864.3155350006    
356.0               99877.9975713967    
356.5               99890.2163284151    
357.0               99901.2755310345    
357.5               99911.57829888      
358.0               99921.2123574268    
358.5               99930.633211499     
359.0               99940.2348053717    
359.5               99951.0933185612    
360.0               99963.65            
