Crank_Angle_(deg)	MFB_(%)
0.000000	0.000000
0.140140	0.000000
0.280280	0.000000
0.420420	0.000000
0.560561	0.000000
0.700701	0.000000
0.840841	0.000000
0.980981	0.000000
1.121121	0.000000
1.261261	0.000000
1.401401	0.000000
1.541542	0.000000
1.681682	0.000000
1.821822	0.000000
1.961962	0.000000
2.102102	0.000000
2.242242	0.000000
2.382382	0.000000
2.522523	0.000000
2.662663	0.000000
2.802803	0.000000
2.942943	0.000000
3.083083	0.000000
3.223223	0.000000
3.363363	0.000000
3.503504	0.000000
3.643644	0.000000
3.783784	0.000000
3.923924	0.000000
4.064064	0.000000
4.204204	0.000000
4.344344	0.000000
4.484484	0.000000
4.624625	0.000001
4.764765	0.000001
4.904905	0.000001
5.045045	0.000001
5.185185	0.000001
5.325325	0.000001
5.465465	0.000001
5.605606	0.000001
5.745746	0.000001
5.885886	0.000001
6.026026	0.000001
6.166166	0.000001
6.306306	0.000001
6.446446	0.000001
6.586587	0.000001
6.726727	0.000001
6.866867	0.000001
7.007007	0.000001
7.147147	0.000001
7.287287	0.000001
7.427427	0.000001
7.567568	0.000001
7.707708	0.000001
7.847848	0.000001
7.987988	0.000001
8.128128	0.000001
8.268268	0.000001
8.408408	0.000001
8.548549	0.000001
8.688689	0.000001
8.828829	0.000001
8.968969	0.000001
9.109109	0.000001
9.249249	0.000001
9.389389	0.000001
9.529530	0.000001
9.669670	0.000001
9.809810	0.000001
9.949950	0.000001
10.090090	0.000013
10.230230	0.000063
10.370370	0.000111
10.510511	0.000171
10.650651	0.000243
10.790791	0.000325
10.930931	0.000420
11.071071	0.000534
11.211211	0.000659
11.351351	0.000785
11.491491	0.000928
11.631632	0.001085
11.771772	0.001262
11.911912	0.001463
12.052052	0.001721
12.192192	0.002016
12.332332	0.002426
12.472472	0.003038
12.612613	0.003777
12.752753	0.004629
12.892893	0.005551
13.033033	0.006510
13.173173	0.007564
13.313313	0.008709
13.453453	0.010197
13.593594	0.011934
13.733734	0.013738
13.873874	0.015853
14.014014	0.018479
14.154154	0.021338
14.294294	0.025028
14.434434	0.030478
14.574575	0.036700
14.714715	0.044099
14.854855	0.053258
14.994995	0.063504
15.135135	0.075063
15.275275	0.087857
15.415415	0.101828
15.555556	0.117023
15.695696	0.132641
15.835836	0.147946
15.975976	0.161790
16.116116	0.174007
16.256256	0.184799
16.396396	0.195017
16.536537	0.204968
16.676677	0.215239
16.816817	0.227154
16.956957	0.242530
17.097097	0.261892
17.237237	0.285093
17.377377	0.309147
17.517518	0.330611
17.657658	0.348299
17.797798	0.364147
17.937938	0.380602
18.078078	0.397528
18.218218	0.413940
18.358358	0.431690
18.498498	0.453368
18.638639	0.479876
18.778779	0.508647
18.918919	0.536920
19.059059	0.561820
19.199199	0.585835
19.339339	0.609458
19.479479	0.630875
19.619620	0.650228
19.759760	0.668875
19.899900	0.691246
20.040040	0.718923
20.180180	0.745966
20.320320	0.769527
20.460460	0.790875
20.600601	0.813914
20.740741	0.835095
20.880881	0.851828
21.021021	0.863820
21.161161	0.875840
21.301301	0.890390
21.441441	0.903629
21.581582	0.914670
21.721722	0.924133
21.861862	0.932302
22.002002	0.939697
22.142142	0.945761
22.282282	0.950280
22.422422	0.953538
22.562563	0.956867
22.702703	0.961014
22.842843	0.964901
22.982983	0.967919
23.123123	0.970383
23.263263	0.972546
23.403403	0.974731
23.543544	0.976495
23.683684	0.977929
23.823824	0.979295
23.963964	0.980968
24.104104	0.982751
24.244244	0.984487
24.384384	0.985951
24.524525	0.987054
24.664665	0.988134
24.804805	0.989253
24.944945	0.990189
25.085085	0.990942
25.225225	0.991613
25.365365	0.992258
25.505506	0.992877
25.645646	0.993462
25.785786	0.993982
25.925926	0.994384
26.066066	0.994776
26.206206	0.995147
26.346346	0.995472
26.486486	0.995787
26.626627	0.996064
26.766767	0.996327
26.906907	0.996531
27.047047	0.996734
27.187187	0.996934
27.327327	0.997105
27.467467	0.997262
27.607608	0.997430
27.747748	0.997615
27.887888	0.997779
28.028028	0.997916
28.168168	0.998024
28.308308	0.998120
28.448448	0.998203
28.588589	0.998275
28.728729	0.998325
28.868869	0.998375
29.009009	0.998421
29.149149	0.998470
29.289289	0.998514
29.429429	0.998557
29.569570	0.998597
29.709710	0.998631
29.849850	0.998666
29.989990	0.998695
30.130130	0.998722
30.270270	0.998747
30.410410	0.998772
30.550551	0.998794
30.690691	0.998814
30.830831	0.998834
30.970971	0.998853
31.111111	0.998874
31.251251	0.998895
31.391391	0.998914
31.531532	0.998933
31.671672	0.998949
31.811812	0.998964
31.951952	0.998979
32.092092	0.998992
32.232232	0.999005
32.372372	0.999019
32.512513	0.999033
32.652653	0.999047
32.792793	0.999062
32.932933	0.999076
33.073073	0.999090
33.213213	0.999102
33.353353	0.999114
33.493493	0.999125
33.633634	0.999136
33.773774	0.999147
33.913914	0.999159
34.054054	0.999171
34.194194	0.999182
34.334334	0.999194
34.474474	0.999206
34.614615	0.999217
34.754755	0.999227
34.894895	0.999238
35.035035	0.999248
35.175175	0.999258
35.315315	0.999268
35.455455	0.999278
35.595596	0.999288
35.735736	0.999299
35.875876	0.999309
36.016016	0.999319
36.156156	0.999328
36.296296	0.999338
36.436436	0.999347
36.576577	0.999356
36.716717	0.999365
36.856857	0.999374
36.996997	0.999383
37.137137	0.999392
37.277277	0.999400
37.417417	0.999409
37.557558	0.999418
37.697698	0.999426
37.837838	0.999434
37.977978	0.999442
38.118118	0.999450
38.258258	0.999458
38.398398	0.999466
38.538539	0.999474
38.678679	0.999481
38.818819	0.999489
38.958959	0.999496
39.099099	0.999504
39.239239	0.999511
39.379379	0.999518
39.519520	0.999525
39.659660	0.999532
39.799800	0.999539
39.939940	0.999546
40.080080	0.999552
40.220220	0.999559
40.360360	0.999566
40.500501	0.999572
40.640641	0.999578
40.780781	0.999585
40.920921	0.999591
41.061061	0.999597
41.201201	0.999603
41.341341	0.999609
41.481481	0.999614
41.621622	0.999620
41.761762	0.999626
41.901902	0.999631
42.042042	0.999637
42.182182	0.999642
42.322322	0.999648
42.462462	0.999653
42.602603	0.999658
42.742743	0.999663
42.882883	0.999668
43.023023	0.999673
43.163163	0.999678
43.303303	0.999683
43.443443	0.999688
43.583584	0.999693
43.723724	0.999697
43.863864	0.999702
44.004004	0.999706
44.144144	0.999711
44.284284	0.999715
44.424424	0.999719
44.564565	0.999724
44.704705	0.999728
44.844845	0.999732
44.984985	0.999736
45.125125	0.999740
45.265265	0.999744
45.405405	0.999748
45.545546	0.999752
45.685686	0.999755
45.825826	0.999759
45.965966	0.999763
46.106106	0.999766
46.246246	0.999770
46.386386	0.999774
46.526527	0.999777
46.666667	0.999780
46.806807	0.999784
46.946947	0.999787
47.087087	0.999790
47.227227	0.999793
47.367367	0.999797
47.507508	0.999800
47.647648	0.999803
47.787788	0.999806
47.927928	0.999809
48.068068	0.999812
48.208208	0.999815
48.348348	0.999817
48.488488	0.999820
48.628629	0.999823
48.768769	0.999826
48.908909	0.999828
49.049049	0.999831
49.189189	0.999834
49.329329	0.999836
49.469469	0.999839
49.609610	0.999841
49.749750	0.999843
49.889890	0.999846
50.030030	0.999848
50.170170	0.999851
50.310310	0.999853
50.450450	0.999855
50.590591	0.999857
50.730731	0.999859
50.870871	0.999862
51.011011	0.999864
51.151151	0.999866
51.291291	0.999868
51.431431	0.999870
51.571572	0.999872
51.711712	0.999874
51.851852	0.999876
51.991992	0.999878
52.132132	0.999879
52.272272	0.999881
52.412412	0.999883
52.552553	0.999885
52.692693	0.999887
52.832833	0.999888
52.972973	0.999890
53.113113	0.999892
53.253253	0.999893
53.393393	0.999895
53.533534	0.999897
53.673674	0.999898
53.813814	0.999900
53.953954	0.999901
54.094094	0.999903
54.234234	0.999904
54.374374	0.999906
54.514515	0.999907
54.654655	0.999908
54.794795	0.999910
54.934935	0.999911
55.075075	0.999913
55.215215	0.999914
55.355355	0.999915
55.495495	0.999916
55.635636	0.999918
55.775776	0.999919
55.915916	0.999920
56.056056	0.999921
56.196196	0.999923
56.336336	0.999924
56.476476	0.999925
56.616617	0.999926
56.756757	0.999927
56.896897	0.999928
57.037037	0.999929
57.177177	0.999930
57.317317	0.999931
57.457457	0.999932
57.597598	0.999933
57.737738	0.999934
57.877878	0.999935
58.018018	0.999936
58.158158	0.999937
58.298298	0.999938
58.438438	0.999939
58.578579	0.999940
58.718719	0.999941
58.858859	0.999942
58.998999	0.999943
59.139139	0.999943
59.279279	0.999944
59.419419	0.999945
59.559560	0.999946
59.699700	0.999947
59.839840	0.999947
59.979980	0.999948
60.120120	0.999949
60.260260	0.999950
60.400400	0.999950
60.540541	0.999951
60.680681	0.999952
60.820821	0.999953
60.960961	0.999953
61.101101	0.999954
61.241241	0.999955
61.381381	0.999955
61.521522	0.999956
61.661662	0.999957
61.801802	0.999957
61.941942	0.999958
62.082082	0.999958
62.222222	0.999959
62.362362	0.999960
62.502503	0.999960
62.642643	0.999961
62.782783	0.999961
62.922923	0.999962
63.063063	0.999962
63.203203	0.999963
63.343343	0.999963
63.483483	0.999964
63.623624	0.999964
63.763764	0.999965
63.903904	0.999965
64.044044	0.999966
64.184184	0.999966
64.324324	0.999967
64.464464	0.999967
64.604605	0.999968
64.744745	0.999968
64.884885	0.999969
65.025025	0.999969
65.165165	0.999970
65.305305	0.999970
65.445445	0.999970
65.585586	0.999971
65.725726	0.999971
65.865866	0.999972
66.006006	0.999972
66.146146	0.999972
66.286286	0.999973
66.426426	0.999973
66.566567	0.999973
66.706707	0.999974
66.846847	0.999974
66.986987	0.999975
67.127127	0.999975
67.267267	0.999975
67.407407	0.999976
67.547548	0.999976
67.687688	0.999976
67.827828	0.999977
67.967968	0.999977
68.108108	0.999977
68.248248	0.999977
68.388388	0.999978
68.528529	0.999978
68.668669	0.999978
68.808809	0.999979
68.948949	0.999979
69.089089	0.999979
69.229229	0.999979
69.369369	0.999980
69.509510	0.999980
69.649650	0.999980
69.789790	0.999981
69.929930	0.999981
70.070070	0.999981
70.210210	0.999981
70.350350	0.999982
70.490490	0.999982
70.630631	0.999982
70.770771	0.999982
70.910911	0.999982
71.051051	0.999983
71.191191	0.999983
71.331331	0.999983
71.471471	0.999983
71.611612	0.999984
71.751752	0.999984
71.891892	0.999984
72.032032	0.999984
72.172172	0.999984
72.312312	0.999985
72.452452	0.999985
72.592593	0.999985
72.732733	0.999985
72.872873	0.999985
73.013013	0.999986
73.153153	0.999986
73.293293	0.999986
73.433433	0.999986
73.573574	0.999986
73.713714	0.999986
73.853854	0.999987
73.993994	0.999987
74.134134	0.999987
74.274274	0.999987
74.414414	0.999987
74.554555	0.999987
74.694695	0.999987
74.834835	0.999988
74.974975	0.999988
75.115115	0.999988
75.255255	0.999988
75.395395	0.999988
75.535536	0.999988
75.675676	0.999988
75.815816	0.999989
75.955956	0.999989
76.096096	0.999989
76.236236	0.999989
76.376376	0.999989
76.516517	0.999989
76.656657	0.999989
76.796797	0.999990
76.936937	0.999990
77.077077	0.999990
77.217217	0.999990
77.357357	0.999990
77.497497	0.999990
77.637638	0.999990
77.777778	0.999990
77.917918	0.999990
78.058058	0.999991
78.198198	0.999991
78.338338	0.999991
78.478478	0.999991
78.618619	0.999991
78.758759	0.999991
78.898899	0.999991
79.039039	0.999991
79.179179	0.999991
79.319319	0.999991
79.459459	0.999992
79.599600	0.999992
79.739740	0.999992
79.879880	0.999992
80.020020	0.999992
80.160160	0.999992
80.300300	0.999992
80.440440	0.999992
80.580581	0.999992
80.720721	0.999992
80.860861	0.999992
81.001001	0.999993
81.141141	0.999993
81.281281	0.999993
81.421421	0.999993
81.561562	0.999993
81.701702	0.999993
81.841842	0.999993
81.981982	0.999993
82.122122	0.999993
82.262262	0.999993
82.402402	0.999993
82.542543	0.999993
82.682683	0.999993
82.822823	0.999993
82.962963	0.999994
83.103103	0.999994
83.243243	0.999994
83.383383	0.999994
83.523524	0.999994
83.663664	0.999994
83.803804	0.999994
83.943944	0.999994
84.084084	0.999994
84.224224	0.999994
84.364364	0.999994
84.504505	0.999994
84.644645	0.999994
84.784785	0.999994
84.924925	0.999994
85.065065	0.999994
85.205205	0.999994
85.345345	0.999995
85.485485	0.999995
85.625626	0.999995
85.765766	0.999995
85.905906	0.999995
86.046046	0.999995
86.186186	0.999995
86.326326	0.999995
86.466466	0.999995
86.606607	0.999995
86.746747	0.999995
86.886887	0.999995
87.027027	0.999995
87.167167	0.999995
87.307307	0.999995
87.447447	0.999995
87.587588	0.999995
87.727728	0.999995
87.867868	0.999995
88.008008	0.999995
88.148148	0.999995
88.288288	0.999996
88.428428	0.999996
88.568569	0.999996
88.708709	0.999996
88.848849	0.999996
88.988989	0.999996
89.129129	0.999996
89.269269	0.999996
89.409409	0.999996
89.549550	0.999996
89.689690	0.999996
89.829830	0.999996
89.969970	0.999996
90.110110	0.999996
90.250250	0.999996
90.390390	0.999996
90.530531	0.999996
90.670671	0.999996
90.810811	0.999996
90.950951	0.999996
91.091091	0.999996
91.231231	0.999996
91.371371	0.999996
91.511512	0.999996
91.651652	0.999996
91.791792	0.999996
91.931932	0.999996
92.072072	0.999996
92.212212	0.999996
92.352352	0.999996
92.492492	0.999997
92.632633	0.999997
92.772773	0.999997
92.912913	0.999997
93.053053	0.999997
93.193193	0.999997
93.333333	0.999997
93.473473	0.999997
93.613614	0.999997
93.753754	0.999997
93.893894	0.999997
94.034034	0.999997
94.174174	0.999997
94.314314	0.999997
94.454454	0.999997
94.594595	0.999997
94.734735	0.999997
94.874875	0.999997
95.015015	0.999997
95.155155	0.999997
95.295295	0.999997
95.435435	0.999997
95.575576	0.999997
95.715716	0.999997
95.855856	0.999997
95.995996	0.999997
96.136136	0.999997
96.276276	0.999997
96.416416	0.999997
96.556557	0.999997
96.696697	0.999997
96.836837	0.999997
96.976977	0.999997
97.117117	0.999997
97.257257	0.999997
97.397397	0.999997
97.537538	0.999997
97.677678	0.999997
97.817818	0.999997
97.957958	0.999997
98.098098	0.999997
98.238238	0.999997
98.378378	0.999997
98.518519	0.999997
98.658659	0.999997
98.798799	0.999998
98.938939	0.999998
99.079079	0.999998
99.219219	0.999998
99.359359	0.999998
99.499499	0.999998
99.639640	0.999998
99.779780	0.999998
99.919920	0.999998
100.060060	0.999998
100.200200	0.999998
100.340340	0.999998
100.480480	0.999998
100.620621	0.999998
100.760761	0.999998
100.900901	0.999998
101.041041	0.999998
101.181181	0.999998
101.321321	0.999998
101.461461	0.999998
101.601602	0.999998
101.741742	0.999998
101.881882	0.999998
102.022022	0.999998
102.162162	0.999998
102.302302	0.999998
102.442442	0.999998
102.582583	0.999998
102.722723	0.999998
102.862863	0.999998
103.003003	0.999998
103.143143	0.999998
103.283283	0.999998
103.423423	0.999998
103.563564	0.999998
103.703704	0.999998
103.843844	0.999998
103.983984	0.999998
104.124124	0.999998
104.264264	0.999998
104.404404	0.999998
104.544545	0.999998
104.684685	0.999998
104.824825	0.999998
104.964965	0.999998
105.105105	0.999998
105.245245	0.999998
105.385385	0.999998
105.525526	0.999998
105.665666	0.999998
105.805806	0.999998
105.945946	0.999998
106.086086	0.999998
106.226226	0.999998
106.366366	0.999998
106.506507	0.999998
106.646647	0.999998
106.786787	0.999998
106.926927	0.999998
107.067067	0.999998
107.207207	0.999998
107.347347	0.999998
107.487487	0.999998
107.627628	0.999998
107.767768	0.999998
107.907908	0.999998
108.048048	0.999998
108.188188	0.999998
108.328328	0.999998
108.468468	0.999998
108.608609	0.999998
108.748749	0.999998
108.888889	0.999998
109.029029	0.999998
109.169169	0.999998
109.309309	0.999998
109.449449	0.999998
109.589590	0.999998
109.729730	0.999998
109.869870	0.999998
110.010010	0.999998
110.150150	0.999998
110.290290	0.999998
110.430430	0.999998
110.570571	0.999998
110.710711	0.999998
110.850851	0.999998
110.990991	0.999998
111.131131	0.999999
111.271271	0.999999
111.411411	0.999999
111.551552	0.999999
111.691692	0.999999
111.831832	0.999999
111.971972	0.999999
112.112112	0.999999
112.252252	0.999999
112.392392	0.999999
112.532533	0.999999
112.672673	0.999999
112.812813	0.999999
112.952953	0.999999
113.093093	0.999999
113.233233	0.999999
113.373373	0.999999
113.513514	0.999999
113.653654	0.999999
113.793794	0.999999
113.933934	0.999999
114.074074	0.999999
114.214214	0.999999
114.354354	0.999999
114.494494	0.999999
114.634635	0.999999
114.774775	0.999999
114.914915	0.999999
115.055055	0.999999
115.195195	0.999999
115.335335	0.999999
115.475475	0.999999
115.615616	0.999999
115.755756	0.999999
115.895896	0.999999
116.036036	0.999999
116.176176	0.999999
116.316316	0.999999
116.456456	0.999999
116.596597	0.999999
116.736737	0.999999
116.876877	0.999999
117.017017	0.999999
117.157157	0.999999
117.297297	0.999999
117.437437	0.999999
117.577578	0.999999
117.717718	0.999999
117.857858	0.999999
117.997998	0.999999
118.138138	0.999999
118.278278	0.999999
118.418418	0.999999
118.558559	0.999999
118.698699	0.999999
118.838839	0.999999
118.978979	0.999999
119.119119	0.999999
119.259259	0.999999
119.399399	0.999999
119.539540	0.999999
119.679680	0.999999
119.819820	0.999999
119.959960	0.999999
120.100100	0.999999
120.240240	0.999999
120.380380	0.999999
120.520521	0.999999
120.660661	0.999999
120.800801	0.999999
120.940941	0.999999
121.081081	0.999999
121.221221	0.999999
121.361361	0.999999
121.501502	0.999999
121.641642	0.999999
121.781782	0.999999
121.921922	0.999999
122.062062	0.999999
122.202202	0.999999
122.342342	0.999999
122.482482	0.999999
122.622623	0.999999
122.762763	0.999999
122.902903	0.999999
123.043043	0.999999
123.183183	0.999999
123.323323	0.999999
123.463463	0.999999
123.603604	0.999999
123.743744	0.999999
123.883884	0.999999
124.024024	0.999999
124.164164	0.999999
124.304304	0.999999
124.444444	0.999999
124.584585	0.999999
124.724725	0.999999
124.864865	0.999999
125.005005	0.999999
125.145145	0.999999
125.285285	0.999999
125.425425	0.999999
125.565566	0.999999
125.705706	0.999999
125.845846	0.999999
125.985986	0.999999
126.126126	0.999999
126.266266	0.999999
126.406406	0.999999
126.546547	0.999999
126.686687	0.999999
126.826827	0.999999
126.966967	0.999999
127.107107	0.999999
127.247247	0.999999
127.387387	0.999999
127.527528	0.999999
127.667668	0.999999
127.807808	0.999999
127.947948	0.999999
128.088088	0.999999
128.228228	0.999999
128.368368	0.999999
128.508509	0.999999
128.648649	0.999999
128.788789	0.999999
128.928929	0.999999
129.069069	0.999999
129.209209	0.999999
129.349349	0.999999
129.489489	0.999999
129.629630	0.999999
129.769770	0.999999
129.909910	0.999999
130.050050	0.999999
130.190190	0.999999
130.330330	0.999999
130.470470	0.999999
130.610611	0.999999
130.750751	0.999999
130.890891	0.999999
131.031031	0.999999
131.171171	0.999999
131.311311	0.999999
131.451451	0.999999
131.591592	0.999999
131.731732	0.999999
131.871872	0.999999
132.012012	0.999999
132.152152	0.999999
132.292292	0.999999
132.432432	0.999999
132.572573	0.999999
132.712713	0.999999
132.852853	0.999999
132.992993	0.999999
133.133133	0.999999
133.273273	0.999999
133.413413	0.999999
133.553554	0.999999
133.693694	0.999999
133.833834	0.999999
133.973974	0.999999
134.114114	0.999999
134.254254	0.999999
134.394394	0.999999
134.534535	0.999999
134.674675	0.999999
134.814815	0.999999
134.954955	0.999999
135.095095	0.999999
135.235235	0.999999
135.375375	0.999999
135.515516	0.999999
135.655656	0.999999
135.795796	0.999999
135.935936	0.999999
136.076076	0.999999
136.216216	0.999999
136.356356	0.999999
136.496496	0.999999
136.636637	0.999999
136.776777	0.999999
136.916917	0.999999
137.057057	0.999999
137.197197	0.999999
137.337337	0.999999
137.477477	0.999999
137.617618	0.999999
137.757758	0.999999
137.897898	0.999999
138.038038	0.999999
138.178178	0.999999
138.318318	0.999999
138.458458	0.999999
138.598599	0.999999
138.738739	0.999999
138.878879	0.999999
139.019019	0.999999
139.159159	0.999999
139.299299	0.999999
139.439439	0.999999
139.579580	0.999999
139.719720	0.999999
139.859860	0.999999
140.000000	0.999999
